{
"dep_polymers":	"Squared",
"occupation_fraction_average":	0.692122,
"occupation_fraction_std":	0.00367237,
"pj_over_1_minus_q_avg":	0.728549,
"pj_over_1_minus_q_std":	0.00386565,
"occupation_fraction_std_history":	[0.00362171,0.00373297,0.0036779,0.00367736,0.00369056,0.00368728,0.00368569,0.00368104,0.00365728,0.00365099,0.00365042,0.00366096,0.00365885,0.00366634,0.003666,0.00367431,0.00366893,0.00367569,0.00368163,0.00367666,0.00367067,0.00367091,0.00367539,0.00367897,0.00367731,0.00367587,0.00367525,0.00367172,0.00367278,0.00367667,0.00367571,0.00367463,0.00367408,0.003671,0.00366937,0.00366886,0.00366776,0.00367064,0.00367338,0.00367868,0.00367814,0.00368089,0.00368071,0.00368013,0.00367777,0.00367744,0.00367546,0.00367493,0.00367208,0.00367186,0.00367222,0.00367269,0.00367156,0.00367236,0.00367237,]
}
