{
"dep_polymers":	"Linear trimers",
"occupation_fraction_average":	0.203239,
"occupation_fraction_std":	0.00210439,
"pj_over_1_minus_q_avg":	0.677464,
"pj_over_1_minus_q_std":	0.00701463,
"occupation_fraction_std_history":	[0.00189695,0.00198019,0.00195209,0.00207964,0.00209308,0.00211719,0.00216646,0.00213192,0.00211476,0.00211745,0.00209748,0.00205603,0.00208014,0.00211806,0.00209651,0.00211575,0.00210955,0.00209976,0.0021089,0.00210374,0.00210439,]
}
