{
"dep_polymers":	"Trimers",
"occupation_fraction_average":	0.54345,
"occupation_fraction_std":	0.000645514,
"pj_over_1_minus_q_avg":	0.776358,
"pj_over_1_minus_q_std":	0.000922162,
"occupation_fraction_std_history":	[0.000641226,0.000642896,0.000641837,0.000645193,0.000645514,]
}
