{
"dep_polymers":	"Squared",
"occupation_fraction_average":	0.303665,
"occupation_fraction_std":	0.00122798,
"pj_over_1_minus_q_avg":	0.60733,
"pj_over_1_minus_q_std":	0.00245597,
"occupation_fraction_std_history":	[0.0012568,0.00123439,0.00124818,0.00125362,0.00124554,0.00125903,0.00124723,0.0012408,0.00124299,0.00124573,0.00124748,0.00125298,0.00124521,0.0012432,0.00123755,0.00123303,0.00123144,0.00122739,0.00122798,]
}
