{
"dep_polymers":	"Squared",
"occupation_fraction_average":	0.276455,
"occupation_fraction_std":	0.00169874,
"pj_over_1_minus_q_avg":	0.552911,
"pj_over_1_minus_q_std":	0.00339749,
"occupation_fraction_std_history":	[0.00164,0.0016075,0.00168526,0.00169115,0.00168286,0.00167235,0.00166506,0.00168049,0.00169728,0.00171311,0.00170908,0.00169924,0.00170521,0.00170075,0.00171012,0.00169941,0.00170375,0.00169817,0.00170033,0.00169874,]
}
