{
"dep_polymers":	"Squared",
"occupation_fraction_average":	176.577,
"occupation_fraction_std":	9.49849,
"pj_over_1_minus_q_avg":	353.153,
"pj_over_1_minus_q_std":	18.997,
"occupation_fraction_std_history":	[8.2365,6.93974,6.51016,7.42698,7.07265,7.03515,7.07834,7.11056,6.9105,7.2712,6.95829,6.84398,6.99105,7.08756,6.93661,6.83356,6.82272,6.76666,6.94214,6.88872,6.87131,6.90947,6.93771,6.89919,6.8942,6.92109,7.02816,6.95942,7.10815,7.20795,7.11407,7.0689,7.05242,7.03797,7.03517,7.03217,6.99666,6.95897,6.93582,7.14398,7.09638,7.11538,7.18352,7.14802,7.13432,7.16397,7.19873,7.21411,7.22024,7.269,7.22819,7.25232,7.19739,7.1521,7.17308,7.2578,7.22874,7.19446,7.18381,7.23281,7.21459,7.1896,7.15801,7.18304,7.38178,7.46207,7.74744,7.81569,8.01717,8.16262,8.25089,8.42641,8.47688,8.53468,8.60334,8.72923,8.73997,8.76013,8.83868,8.83665,9.00614,9.03474,9.05124,9.13422,9.19412,9.16558,9.16896,9.19538,9.20678,9.24778,9.2745,9.26525,9.24861,9.23539,9.28704,9.27266,9.29263,9.3014,9.29615,9.29028,9.33251,9.332,9.32432,9.45334,9.41931,9.41813,9.41886,9.38592,9.39255,9.42628,9.49552,9.50209,9.62103,9.60282,9.65568,9.72095,9.71197,9.72716,9.73549,9.7406,9.73021,9.72395,9.76376,9.755,9.74368,9.75013,9.80558,9.78052,9.77271,9.74873,9.72535,9.72469,9.73015,9.71617,9.76319,9.82697,9.80508,9.7816,9.76961,9.76031,9.7397,9.74992,9.73114,9.73583,9.74922,9.77922,9.80424,9.80255,9.77637,9.76318,9.76274,9.75896,9.73407,9.76875,9.77411,9.77343,9.76135,9.74546,9.72116,9.70966,9.71995,9.72115,9.76525,9.756,9.7399,9.72396,9.70214,9.72449,9.71089,9.68548,9.67428,9.65521,9.64009,9.63851,9.62353,9.61056,9.59402,9.58134,9.5632,9.54892,9.53108,9.51898,9.49776,9.4932,9.50516,9.50608,9.50517,9.50778,9.4943,9.48079,9.49904,9.50345,9.48829,9.47344,9.47719,9.46938,9.45839,9.43865,9.42247,9.42443,9.41346,9.39752,9.39095,9.39933,9.42059,9.41874,9.40937,9.40351,9.38934,9.39048,9.38352,9.36514,9.3547,9.34542,9.33101,9.31774,9.32014,9.30879,9.29377,9.27552,9.26033,9.25035,9.2377,9.23561,9.2341,9.24773,9.26426,9.26733,9.28455,9.29914,9.30984,9.33958,9.37026,9.39136,9.41046,9.40305,9.38982,9.4012,9.41375,9.42458,9.41697,9.41069,9.44156,9.47871,9.48541,9.47205,9.46792,9.46103,9.47966,9.46985,9.48899,9.49883,9.48825,9.48334,9.47502,9.48153,9.49922,9.51423,9.50456,9.50903,9.5103,9.50508,9.49863,9.52105,9.55186,9.55678,9.54712,9.5474,9.56236,9.56987,9.57684,9.59228,9.6087,9.61818,9.6146,9.62309,9.61749,9.62108,9.63783,9.65499,9.68007,9.67508,9.6813,9.68542,9.68255,9.67859,9.68747,9.68402,9.68235,9.70409,9.70803,9.72149,9.74513,9.74133,9.7331,9.72599,9.72776,9.7274,9.76651,9.76519,9.76336,9.75703,9.74596,9.75448,9.74611,9.73936,9.73583,9.74738,9.74336,9.73189,9.72152,9.71436,9.71728,9.72693,9.72187,9.71011,9.72474,9.72779,9.72024,9.71008,9.69597,9.69035,9.68031,9.67274,9.65925,9.64841,9.65392,9.65258,9.64531,9.6511,9.64703,9.64008,9.63046,9.63096,9.62746,9.62898,9.61989,9.62256,9.61808,9.60729,9.61594,9.61339,9.60716,9.60329,9.5998,9.59308,9.59094,9.57852,9.57316,9.57618,9.57462,9.56888,9.56199,9.55631,9.57023,9.56015,9.55631,9.54428,9.54064,9.53069,9.5294,9.53432,9.52351,9.51693,9.50946,9.50412,9.49922,9.49859,9.49849,]
}
