{
"dep_polymers":	"Trimers",
"occupation_fraction_average":	0.629017,
"occupation_fraction_std":	0.00033306,
"pj_over_1_minus_q_avg":	0.786271,
"pj_over_1_minus_q_std":	0.000416325,
"occupation_fraction_std_history":	[0.000328831,0.000327412,0.000333975,0.000331972,0.000332322,0.000333449,0.00033446,0.000334872,0.000333838,0.000333468,0.00033313,0.00033306,]
}
