{
"dep_polymers":	"Dimers",
"occupation_fraction_average":	0.668839,
"occupation_fraction_std":	0.00108727,
"pj_over_1_minus_q_avg":	0.836049,
"pj_over_1_minus_q_std":	0.00135909,
"occupation_fraction_std_history":	[0.00110045,0.0010891,0.00109614,0.00110186,0.00109939,0.00109683,0.00109687,0.00109745,0.00109091,0.0010933,0.00109257,0.00109151,0.00109009,0.00109308,0.00109243,0.00109288,0.00109297,0.00109124,0.00109299,0.00109279,0.001092,0.00108957,0.00108839,0.00108821,0.00108785,0.0010876,0.00108803,0.00108728,0.00108727,]
}
