{
"dep_polymers":	"Linear trimers",
"occupation_fraction_average":	0.0520824,
"occupation_fraction_std":	0.000350164,
"pj_over_1_minus_q_avg":	0.520824,
"pj_over_1_minus_q_std":	0.00350164,
"occupation_fraction_std_history":	[0.000370579,0.000361692,0.000352548,0.000351513,0.000350379,0.000349721,0.00034692,0.000347607,0.0003502,0.000350164,]
}
