{
"dep_polymers":	"Linear trimers",
"occupation_fraction_average":	0.513597,
"occupation_fraction_std":	0.00595994,
"pj_over_1_minus_q_avg":	0.73371,
"pj_over_1_minus_q_std":	0.0085142,
"occupation_fraction_std_history":	[0.00580665,0.00565064,0.00614211,0.00604341,0.00597109,0.00594522,0.00596469,0.00613902,0.00615041,0.00610047,0.00605088,0.00610079,0.00606788,0.00607759,0.0060548,0.006069,0.00604584,0.00601154,0.00598029,0.00597297,0.00596308,0.00595994,]
}
