{
"dep_polymers":	"Trimers",
"occupation_fraction_average":	0.208363,
"occupation_fraction_std":	0.0020907,
"pj_over_1_minus_q_avg":	0.694543,
"pj_over_1_minus_q_std":	0.00696901,
"occupation_fraction_std_history":	[0.00193207,0.00198638,0.002025,0.00214919,0.00220072,0.00216908,0.00213201,0.00210739,0.00209599,0.00209347,0.0020783,0.00205922,0.00205081,0.00207558,0.00206593,0.00206139,0.00207394,0.0020965,0.00209179,0.0020907,]
}
