{
"dep_polymers":	"Linear trimers",
"occupation_fraction_average":	0.690943,
"occupation_fraction_std":	0.00159408,
"pj_over_1_minus_q_avg":	0.767714,
"pj_over_1_minus_q_std":	0.0017712,
"occupation_fraction_std_history":	[0.00154502,0.00157971,0.00159667,0.00158877,0.00158733,0.00159844,0.00159361,0.00159463,0.00159038,0.0015987,0.0016006,0.00160499,0.00160384,0.0015993,0.00159491,0.001596,0.00159082,0.00158918,0.00158539,0.00158796,0.00158743,0.00158699,0.00158771,0.00158708,0.00158939,0.00158904,0.00158547,0.00158435,0.00158636,0.0015885,0.00158768,0.00158837,0.0015894,0.00159089,0.00159008,0.00158982,0.00159139,0.00158943,0.00159023,0.00159059,0.00158835,0.0015891,0.00159178,0.00159185,0.00159325,0.00159407,0.00159408,]
}
