{
"dep_polymers":	"Dimers",
"occupation_fraction_average":	0.667728,
"occupation_fraction_std":	0.000278068,
"pj_over_1_minus_q_avg":	0.83466,
"pj_over_1_minus_q_std":	0.000347586,
"occupation_fraction_std_history":	[0.000275895,0.000277891,0.000278068,]
}
