{
"dep_polymers":	"Linear trimers",
"occupation_fraction_average":	0.780118,
"occupation_fraction_std":	0.000755103,
"pj_over_1_minus_q_avg":	0.780118,
"pj_over_1_minus_q_std":	0.000755103,
"occupation_fraction_std_history":	[0.000737568,0.000749725,0.000756139,0.000761509,0.000763556,0.000761651,0.00076024,0.000758958,0.000761361,0.000762476,0.000763564,0.000761398,0.000759983,0.000757842,0.000755418,0.000755103,]
}
