{
"dep_polymers":	"Linear trimers",
"occupation_fraction_average":	0.690832,
"occupation_fraction_std":	0.0030887,
"pj_over_1_minus_q_avg":	0.767591,
"pj_over_1_minus_q_std":	0.00343189,
"occupation_fraction_std_history":	[0.00318937,0.00310063,0.00310451,0.00307271,0.00308676,0.00306255,0.00308136,0.0030963,0.00309222,0.00310101,0.00309753,0.00308528,0.00307493,0.0030808,0.0030893,0.0030887,]
}
