{
"dep_polymers":	"Squared",
"occupation_fraction_average":	0.0504778,
"occupation_fraction_std":	0.00176797,
"pj_over_1_minus_q_avg":	0.504778,
"pj_over_1_minus_q_std":	0.0176797,
"occupation_fraction_std_history":	[0.00155806,0.00164019,0.00172242,0.00172971,0.00173247,0.00182048,0.00182999,0.00182094,0.00180785,0.00182595,0.00185616,0.00184473,0.00184133,0.00182084,0.00180545,0.00179677,0.00178227,0.00176495,0.00177781,0.00177459,0.00177122,0.00178134,0.00177837,0.00177511,0.00178236,0.0017697,0.00176797,]
}
