{
"dep_polymers":	"Trimers",
"occupation_fraction_average":	217.675,
"occupation_fraction_std":	7.72432,
"pj_over_1_minus_q_avg":	435.349,
"pj_over_1_minus_q_std":	15.4486,
"occupation_fraction_std_history":	[4.24264,4.5,5.71314,5.40625,5.59514,5.31507,5.73454,6.19874,6.64998,6.62423,7.15897,7.12232,7.2961,7.38288,7.39037,7.77653,7.74173,7.81025,7.65163,7.49304,7.36977,7.30054,7.26277,7.19857,7.28802,7.27655,7.36042,7.35781,7.31039,7.34795,7.3827,7.2943,7.28803,7.31119,7.30628,7.29952,7.33568,7.37394,7.31295,7.33251,7.26488,7.24725,7.25045,7.20241,7.14679,7.09805,7.0313,6.97455,6.94077,6.92192,6.9682,6.97099,6.95269,6.93765,6.94853,6.97163,6.93944,6.91017,6.87982,6.87089,6.85212,6.81826,6.81844,6.7778,6.80462,6.76889,6.74293,6.73656,6.70701,6.70735,6.67638,6.6528,6.66394,6.63414,6.65207,6.61198,6.60206,6.66133,6.65422,6.66773,6.67662,6.67412,6.66502,6.66126,6.6698,6.69766,6.69216,6.68983,6.79201,6.816,6.841,6.81813,6.8026,6.81505,6.78856,6.79082,6.80107,6.8746,6.87959,6.86684,6.85255,6.82744,6.81577,6.8547,6.85613,6.84612,6.87977,6.88614,6.86871,6.85768,6.87734,6.86925,6.8689,6.86616,6.86761,6.84984,6.83741,6.83308,6.84071,6.81577,6.83533,6.81784,6.83523,6.82364,6.80867,6.7939,6.78769,6.77411,6.78331,6.76585,6.75508,6.74366,6.76449,6.74841,6.73967,6.74519,6.73893,6.718,6.74473,6.7595,6.75097,6.73927,6.72327,6.73,6.72578,6.7298,6.72563,6.721,6.72428,6.72973,6.71594,6.69939,6.6864,6.678,6.69298,6.68061,6.67433,6.66217,6.67662,6.66492,6.67208,6.69811,6.71494,6.71171,6.70671,6.72173,6.71907,6.7241,6.71268,6.69819,6.69111,6.67611,6.68462,6.70159,6.72054,6.72129,6.70898,6.70132,6.70512,6.70054,6.70461,6.71652,6.71205,6.71398,6.71942,6.71219,6.70759,6.72316,6.71885,6.70783,6.70228,6.69239,6.68043,6.68693,6.68093,6.67643,6.67151,6.68053,6.68655,6.69361,6.69905,6.73642,6.84359,6.89254,6.89815,6.96882,7.0238,7.03081,7.06353,7.09818,7.1611,7.18163,7.22905,7.27338,7.31198,7.33247,7.35804,7.43174,7.46423,7.49375,7.53967,7.55728,7.56596,7.57329,7.58064,7.57967,7.59819,7.62078,7.6474,7.68314,7.68979,7.70745,7.7465,7.77521,7.79751,7.83613,7.85067,7.84263,7.85041,7.85764,7.86607,7.88584,7.88767,7.8979,7.90584,7.93953,7.95851,7.9834,7.99777,8.01717,8.01995,8.01542,8.02426,8.04166,8.05349,8.06162,8.08085,8.11398,8.10705,8.10184,8.10569,8.10272,8.09826,8.08781,8.09983,8.09646,8.09774,8.11013,8.10396,8.09285,8.09835,8.09475,8.09425,8.08494,8.07807,8.08097,8.07413,8.0617,8.07249,8.06016,8.05585,8.06018,8.05669,8.04761,8.04491,8.03685,8.04643,8.04301,8.03944,8.02904,8.02469,8.01448,8.00202,8.01051,8.00631,7.99708,8.00244,8.00204,8.00156,8.00926,8.00342,8.00024,7.99571,7.99655,7.99685,7.99059,7.98548,7.97757,7.98018,7.9726,7.96142,7.96045,7.96942,7.97267,7.96885,7.95905,7.94977,7.94415,7.94462,7.94111,7.93277,7.93221,7.9259,7.91855,7.90972,7.89917,7.89077,7.89746,7.8958,7.89076,7.88699,7.88106,7.8709,7.86361,7.8616,7.85314,7.85897,7.85026,7.84296,7.83771,7.8364,7.83555,7.82871,7.81924,7.81806,7.81073,7.8075,7.81187,7.80673,7.80586,7.79746,7.78969,7.78906,7.78068,7.77637,7.77259,7.76635,7.76243,7.76438,7.76058,7.75091,7.74647,7.75786,7.75543,7.75255,7.74478,7.74518,7.73958,7.73463,7.72963,7.72794,7.7243,7.72432,]
}
