{
"dep_polymers":	"Dimers",
"occupation_fraction_average":	0.848757,
"occupation_fraction_std":	0.00469834,
"pj_over_1_minus_q_avg":	0.848757,
"pj_over_1_minus_q_std":	0.00469834,
"occupation_fraction_std_history":	[0.00452289,0.00448965,0.00450567,0.0046655,0.00465042,0.00467332,0.00474476,0.00473213,0.00471301,0.00468925,0.00469847,0.00469834,]
}
