{ 
"defperc_count":	16658,
"defperc_avg":	0.903754,
"atmperc_count":	14383,
"atmperc_avg":	0.780328
}
