{
"dep_polymers":	"Dimers",
"occupation_fraction_average":	0.412388,
"occupation_fraction_std":	0.00373352,
"pj_over_1_minus_q_avg":	0.824776,
"pj_over_1_minus_q_std":	0.00746705,
"occupation_fraction_std_history":	[0.00352972,0.00365583,0.00370019,0.00373236,0.00373352,]
}
