{
"dep_polymers":	"Linear trimers",
"occupation_fraction_average":	0.0449257,
"occupation_fraction_std":	0.000240753,
"pj_over_1_minus_q_avg":	0.449257,
"pj_over_1_minus_q_std":	0.00240753,
"occupation_fraction_std_history":	[0.000246425,0.000240313,0.000234096,0.000233345,0.000236416,0.00023898,0.000239337,0.000237684,0.000240323,0.000240577,0.000240753,]
}
