{
"dep_polymers":	"Squared",
"occupation_fraction_average":	0.0857748,
"occupation_fraction_std":	0.0027097,
"pj_over_1_minus_q_avg":	0.428874,
"pj_over_1_minus_q_std":	0.0135485,
"occupation_fraction_std_history":	[0.00232114,0.00258685,0.00286834,0.0029696,0.00302929,0.00289404,0.0028645,0.00300025,0.00290056,0.00285717,0.00278793,0.00276861,0.00280177,0.00281651,0.00280202,0.00281755,0.00279474,0.00280282,0.00277545,0.00274251,0.0027572,0.00272896,0.00270996,0.0027097,]
}
