{
"dep_polymers":	"Squared",
"occupation_fraction_average":	0.552076,
"occupation_fraction_std":	0.0010862,
"pj_over_1_minus_q_avg":	0.690095,
"pj_over_1_minus_q_std":	0.00135775,
"occupation_fraction_std_history":	[0.00108478,0.00109032,0.00108596,0.00107996,0.00108609,0.0010862,]
}
