{
"dep_polymers":	"Trimers",
"occupation_fraction_average":	0.760444,
"occupation_fraction_std":	0.0026699,
"pj_over_1_minus_q_avg":	0.800468,
"pj_over_1_minus_q_std":	0.00281042,
"occupation_fraction_std_history":	[0.00254929,0.00261176,0.00263684,0.00266907,0.00265105,0.0026455,0.00265886,0.00266296,0.00266035,0.00266231,0.00266157,0.00267112,0.00267173,0.00266913,0.00266413,0.00266041,0.0026592,0.0026599,0.00265987,0.00265801,0.00266221,0.00266265,0.00266431,0.00266618,0.00266452,0.00266503,0.00266797,0.00266921,0.00267043,0.00266856,0.00266689,0.00266955,0.00266878,0.00266951,0.00266903,0.00266992,0.0026699,]
}
