{
"dep_polymers":	"Trimers",
"occupation_fraction_average":	0.0684947,
"occupation_fraction_std":	0.00164405,
"pj_over_1_minus_q_avg":	0.684947,
"pj_over_1_minus_q_std":	0.0164405,
"occupation_fraction_std_history":	[0.00121961,0.00117204,0.00135122,0.00136907,0.00145001,0.00141255,0.00140398,0.00140849,0.0014003,0.0014173,0.00145058,0.00145228,0.0014669,0.00148085,0.00153954,0.0015318,0.00158506,0.00158828,0.00162462,0.0016291,0.00164017,0.00164415,0.00164405,]
}
