{
"dep_polymers":	"Trimers",
"occupation_fraction_average":	0.214416,
"occupation_fraction_std":	0.0022366,
"pj_over_1_minus_q_avg":	0.714722,
"pj_over_1_minus_q_std":	0.00745533,
"occupation_fraction_std_history":	[0.00195369,0.00209167,0.00220034,0.00221712,0.00218329,0.00223142,0.00220534,0.00223963,0.00226897,0.00228567,0.00227811,0.00225914,0.00225056,0.00223874,0.0022366,]
}
