{
"dep_polymers":	"Dimers",
"occupation_fraction_average":	0.408266,
"occupation_fraction_std":	0.000502663,
"pj_over_1_minus_q_avg":	0.816531,
"pj_over_1_minus_q_std":	0.00100533,
"occupation_fraction_std_history":	[0.00051748,0.000509785,0.00050406,0.000498532,0.000499099,0.000503078,0.000502663,]
}
