{
"dep_polymers":	"Linear trimers",
"occupation_fraction_average":	0.599296,
"occupation_fraction_std":	0.00600634,
"pj_over_1_minus_q_avg":	0.74912,
"pj_over_1_minus_q_std":	0.00750793,
"occupation_fraction_std_history":	[0.00613155,0.00660181,0.0064131,0.00621667,0.00619228,0.0062258,0.00619856,0.00621311,0.0061726,0.00611756,0.00620711,0.00616219,0.00614456,0.00613182,0.0060999,0.00606667,0.00605447,0.0060786,0.00605308,0.0060226,0.00600847,0.00600634,]
}
