{
"dep_polymers":	"Trimers",
"occupation_fraction_average":	0.143782,
"occupation_fraction_std":	0.00217325,
"pj_over_1_minus_q_avg":	0.718911,
"pj_over_1_minus_q_std":	0.0108662,
"occupation_fraction_std_history":	[0.00234825,0.00216152,0.00223856,0.00220736,0.0022868,0.00224651,0.00226562,0.00221923,0.00222434,0.00219168,0.00222745,0.00219891,0.00218281,0.00219517,0.0022168,0.00219579,0.00220465,0.00219777,0.00218421,0.00217593,0.00218121,0.00217336,0.00217325,]
}
