{
"dep_polymers":	"Trimers",
"occupation_fraction_average":	0.222097,
"occupation_fraction_std":	0.000909954,
"pj_over_1_minus_q_avg":	0.740324,
"pj_over_1_minus_q_std":	0.00303318,
"occupation_fraction_std_history":	[0.000880938,0.00084564,0.000855911,0.000888361,0.000905464,0.000909654,0.000905455,0.000910306,0.000909954,]
}
