{
"dep_polymers":	"Linear trimers",
"occupation_fraction_average":	0.247783,
"occupation_fraction_std":	0.000676907,
"pj_over_1_minus_q_avg":	0.619457,
"pj_over_1_minus_q_std":	0.00169227,
"occupation_fraction_std_history":	[0.000646519,0.00067034,0.000676383,0.000676907,]
}
