{
"dep_polymers":	"Squared",
"occupation_fraction_average":	0.536429,
"occupation_fraction_std":	0.00728002,
"pj_over_1_minus_q_avg":	0.670536,
"pj_over_1_minus_q_std":	0.00910003,
"occupation_fraction_std_history":	[0.00715233,0.00707998,0.00733261,0.00725339,0.00731991,0.00734076,0.00732016,0.0074285,0.00747109,0.0074278,0.00740876,0.00737821,0.00736315,0.00734578,0.00731656,0.00731138,0.00731505,0.00730204,0.0073364,0.00731674,0.00729673,0.00728006,0.00728002,]
}
