{
"dep_polymers":	"Linear trimers",
"occupation_fraction_average":	0.0603273,
"occupation_fraction_std":	0.00105651,
"pj_over_1_minus_q_avg":	0.603273,
"pj_over_1_minus_q_std":	0.0105651,
"occupation_fraction_std_history":	[0.000994653,0.000981553,0.000986902,0.00103561,0.00105452,0.00105263,0.00104518,0.00103989,0.00105496,0.0010564,0.00106133,0.00106308,0.00105961,0.00106882,0.00107276,0.00106456,0.0010575,0.00105651,]
}
