{
"dep_polymers":	"Trimers",
"occupation_fraction_average":	0.804215,
"occupation_fraction_std":	0.00269156,
"pj_over_1_minus_q_avg":	0.804215,
"pj_over_1_minus_q_std":	0.00269156,
"occupation_fraction_std_history":	[0.00265245,0.0026933,0.00269028,0.00269156,]
}
