{
"dep_polymers":	"Dimers",
"occupation_fraction_average":	0.584987,
"occupation_fraction_std":	0.000600709,
"pj_over_1_minus_q_avg":	0.835695,
"pj_over_1_minus_q_std":	0.000858155,
"occupation_fraction_std_history":	[0.000613821,0.000582006,0.000583559,0.000593222,0.000596231,0.000595587,0.000597182,0.000599495,0.00060144,0.0006008,0.000600709,]
}
