{
"dep_polymers":	"Dimers",
"occupation_fraction_average":	0.0779052,
"occupation_fraction_std":	0.00031438,
"pj_over_1_minus_q_avg":	0.779052,
"pj_over_1_minus_q_std":	0.0031438,
"occupation_fraction_std_history":	[0.000310722,0.000317039,0.000314655,0.00031438,]
}
