{
"dep_polymers":	"Dimers",
"occupation_fraction_average":	0.0682189,
"occupation_fraction_std":	0.00200908,
"pj_over_1_minus_q_avg":	0.682189,
"pj_over_1_minus_q_std":	0.0200908,
"occupation_fraction_std_history":	[0.00156235,0.00173106,0.00167589,0.00168306,0.00178764,0.00186027,0.00181285,0.00179554,0.00181156,0.00182995,0.00191773,0.00189957,0.00190816,0.00195678,0.00193896,0.00203477,0.0020099,0.00200908,]
}
