{
"dep_polymers":	"Dimers",
"occupation_fraction_average":	0.759922,
"occupation_fraction_std":	0.00225009,
"pj_over_1_minus_q_avg":	0.844358,
"pj_over_1_minus_q_std":	0.0025001,
"occupation_fraction_std_history":	[0.00223407,0.00231436,0.00227012,0.00226532,0.00226765,0.00225926,0.00224491,0.00224831,0.00225155,0.00225009,]
}
