{
"dep_polymers":	"Dimers",
"occupation_fraction_average":	0.150833,
"occupation_fraction_std":	0.000712619,
"pj_over_1_minus_q_avg":	0.754165,
"pj_over_1_minus_q_std":	0.0035631,
"occupation_fraction_std_history":	[0.000765025,0.000750591,0.000756659,0.000762126,0.000754881,0.000748281,0.000736785,0.000732894,0.000724324,0.000717567,0.000719965,0.000713557,0.000721798,0.000718326,0.000715996,0.000710476,0.00071262,0.000712619,]
}
