{
"dep_polymers":	"Trimers",
"occupation_fraction_average":	0.130808,
"occupation_fraction_std":	0.000474978,
"pj_over_1_minus_q_avg":	0.654039,
"pj_over_1_minus_q_std":	0.00237489,
"occupation_fraction_std_history":	[0.000450366,0.000454672,0.000452745,0.000459501,0.000468619,0.000475336,0.000479241,0.000480133,0.000476347,0.000474541,0.000474978,]
}
