{
"dep_polymers":	"Linear trimers",
"occupation_fraction_average":	0.685626,
"occupation_fraction_std":	0.00606796,
"pj_over_1_minus_q_avg":	0.761806,
"pj_over_1_minus_q_std":	0.00674218,
"occupation_fraction_std_history":	[0.00619488,0.00621014,0.00622979,0.00621488,0.00610077,0.00611114,0.00612256,0.00608493,0.00616033,0.00613165,0.00610786,0.00609483,0.00606243,0.00606796,]
}
