{
"dep_polymers":	"Squared",
"occupation_fraction_average":	0.381501,
"occupation_fraction_std":	0.00770588,
"pj_over_1_minus_q_avg":	0.635836,
"pj_over_1_minus_q_std":	0.0128431,
"occupation_fraction_std_history":	[0.00613821,0.00593554,0.00606949,0.00601666,0.00625669,0.00628079,0.00655539,0.00654058,0.0065084,0.00643092,0.00656125,0.00710918,0.00739914,0.00733886,0.00727081,0.00733855,0.00728506,0.0073367,0.00739114,0.00738223,0.00743595,0.00740982,0.00761942,0.00760605,0.00756109,0.00759757,0.00763551,0.00762601,0.00758637,0.00765252,0.00771077,0.00772384,0.00769543,0.00767621,0.00771718,0.00770204,0.00787345,0.00783415,0.00779859,0.00776479,0.00773232,0.00769517,0.00773411,0.00769472,0.00771319,0.00770588,]
}
