{
"dep_polymers":	"Dimers",
"occupation_fraction_average":	0.672207,
"occupation_fraction_std":	0.000195226,
"pj_over_1_minus_q_avg":	0.840259,
"pj_over_1_minus_q_std":	0.000244032,
"occupation_fraction_std_history":	[0.000197388,0.000198596,0.000200418,0.000198237,0.000197017,0.000196002,0.000194356,0.000195556,0.000195114,0.000195226,]
}
