{
"dep_polymers":	"Dimers",
"occupation_fraction_average":	0.315326,
"occupation_fraction_std":	0.00180728,
"pj_over_1_minus_q_avg":	0.788314,
"pj_over_1_minus_q_std":	0.0045182,
"occupation_fraction_std_history":	[0.00176562,0.0017171,0.00169445,0.00173312,0.00176305,0.00174314,0.00181881,0.00180366,0.00180689,0.00179064,0.00179264,0.00180887,0.00180699,0.00180728,]
}
