{
"dep_polymers":	"Trimers",
"occupation_fraction_average":	0.137185,
"occupation_fraction_std":	0.000568344,
"pj_over_1_minus_q_avg":	0.685927,
"pj_over_1_minus_q_std":	0.00284172,
"occupation_fraction_std_history":	[0.000570056,0.000575199,0.000557997,0.000556274,0.000561877,0.000555768,0.000560081,0.00056864,0.000568344,]
}
