{
"dep_polymers":	"Linear trimers",
"occupation_fraction_average":	0.731079,
"occupation_fraction_std":	0.0061063,
"pj_over_1_minus_q_avg":	0.769557,
"pj_over_1_minus_q_std":	0.00642769,
"occupation_fraction_std_history":	[0.00613674,0.00622927,0.0060757,0.00602608,0.00601611,0.00601664,0.00599582,0.00601548,0.00605468,0.00603845,0.0060776,0.00607559,0.00608141,0.00608616,0.00609195,0.00609554,0.00609117,0.00611467,0.00612299,0.00613446,0.00613372,0.00614144,0.00613046,0.00612356,0.00612049,0.00611511,0.00610927,0.00611553,0.00611482,0.00612141,0.00611783,0.00611256,0.00611117,0.00611505,0.00610991,0.00610634,0.0061063,]
}
