{
"dep_polymers":	"Squared",
"occupation_fraction_average":	0.176307,
"occupation_fraction_std":	0.00446627,
"pj_over_1_minus_q_avg":	0.587691,
"pj_over_1_minus_q_std":	0.0148876,
"occupation_fraction_std_history":	[0.00354215,0.00446283,0.00458782,0.0047796,0.00470896,0.00453248,0.00463719,0.00456889,0.00466131,0.00461342,0.00452928,0.00463011,0.00459458,0.00450536,0.00452093,0.00446577,0.00455575,0.00450836,0.00450332,0.00444823,0.00443804,0.00439229,0.00438694,0.00439262,0.00444926,0.00442665,0.00444264,0.00442114,0.00441359,0.0044465,0.00450031,0.00446933,0.00444072,0.0044201,0.00439264,0.00446946,0.00446627,]
}
