{
"dep_polymers":	"Trimers",
"occupation_fraction_average":	0.632074,
"occupation_fraction_std":	0.000755237,
"pj_over_1_minus_q_avg":	0.790093,
"pj_over_1_minus_q_std":	0.000944046,
"occupation_fraction_std_history":	[0.000737752,0.000743099,0.000743875,0.000750673,0.000755846,0.000755237,]
}
