{
"dep_polymers":	"Squared",
"occupation_fraction_average":	0.288481,
"occupation_fraction_std":	0.000470981,
"pj_over_1_minus_q_avg":	0.576963,
"pj_over_1_minus_q_std":	0.000941962,
"occupation_fraction_std_history":	[0.000472743,0.000460403,0.000469074,0.000470919,0.000470177,0.000474901,0.000471269,0.000470981,]
}
