{
"dep_polymers":	"Trimers",
"occupation_fraction_average":	0.538452,
"occupation_fraction_std":	0.00490271,
"pj_over_1_minus_q_avg":	0.769217,
"pj_over_1_minus_q_std":	0.00700388,
"occupation_fraction_std_history":	[0.00488806,0.00500284,0.00489804,0.00485838,0.00483056,0.00485647,0.00485069,0.00485851,0.00490207,0.00490271,]
}
