{
"dep_polymers":	"Trimers",
"occupation_fraction_average":	0.301914,
"occupation_fraction_std":	0.00068801,
"pj_over_1_minus_q_avg":	0.754786,
"pj_over_1_minus_q_std":	0.00172003,
"occupation_fraction_std_history":	[0.000669402,0.000665081,0.00067527,0.000676733,0.000680696,0.000688812,0.000681948,0.000678764,0.000677825,0.000683884,0.000687987,0.00068801,]
}
