{
"dep_polymers":	"Linear trimers",
"occupation_fraction_average":	0.0390837,
"occupation_fraction_std":	0.000448539,
"pj_over_1_minus_q_avg":	0.390837,
"pj_over_1_minus_q_std":	0.00448539,
"occupation_fraction_std_history":	[0.000452442,0.000432931,0.000448725,0.000447078,0.000456835,0.000448413,0.000448539,]
}
