{
"dep_polymers":	"Dimers",
"occupation_fraction_average":	0.412455,
"occupation_fraction_std":	0.00107254,
"pj_over_1_minus_q_avg":	0.824909,
"pj_over_1_minus_q_std":	0.00214508,
"occupation_fraction_std_history":	[0.00110636,0.00105399,0.00107295,0.00106023,0.00108405,0.00107184,0.00106327,0.00106697,0.00105954,0.00106294,0.00107439,0.00107077,0.00108163,0.00107747,0.00106798,0.00107397,0.00107802,0.00107447,0.00107326,0.00107254,]
}
