{
"dep_polymers":	"Trimers",
"occupation_fraction_average":	0.717377,
"occupation_fraction_std":	0.000366501,
"pj_over_1_minus_q_avg":	0.797086,
"pj_over_1_minus_q_std":	0.000407223,
"occupation_fraction_std_history":	[0.00034353,0.000348299,0.000354292,0.000360807,0.000361538,0.000362558,0.000363498,0.000364106,0.000365584,0.000364585,0.000364723,0.000364485,0.000364425,0.000364395,0.000364987,0.000364889,0.000365091,0.000365157,0.00036559,0.000365901,0.000366499,0.000366501,]
}
