{
"dep_polymers":	"Trimers",
"occupation_fraction_average":	0.221537,
"occupation_fraction_std":	0.00411598,
"pj_over_1_minus_q_avg":	0.738458,
"pj_over_1_minus_q_std":	0.0137199,
"occupation_fraction_std_history":	[0.00527362,0.00490159,0.0045167,0.00440621,0.00447092,0.00444214,0.00436078,0.0042999,0.00432288,0.00427766,0.00421472,0.00419195,0.00422044,0.0042703,0.00428633,0.00427634,0.00424602,0.00420764,0.00418561,0.00421284,0.00418221,0.00415356,0.00414871,0.00411611,0.00408847,0.00406873,0.00406356,0.00411833,0.00411598,]
}
