{ 
"defperc_count":	14826,
"defperc_avg":	0.998518,
"atmperc_count":	7011,
"atmperc_avg":	0.472185
}
