{
"dep_polymers":	"Squared",
"occupation_fraction_average":	0.0755245,
"occupation_fraction_std":	0.00124605,
"pj_over_1_minus_q_avg":	0.377623,
"pj_over_1_minus_q_std":	0.00623023,
"occupation_fraction_std_history":	[0.00118493,0.00123688,0.00119943,0.00125317,0.00125963,0.00130276,0.0012866,0.00127919,0.00125904,0.00124473,0.00123343,0.00123505,0.00124094,0.00122544,0.00123983,0.00124483,0.00124605,]
}
