{
"dep_polymers":	"Linear trimers",
"occupation_fraction_average":	0.257869,
"occupation_fraction_std":	0.0053145,
"pj_over_1_minus_q_avg":	0.644674,
"pj_over_1_minus_q_std":	0.0132862,
"occupation_fraction_std_history":	[0.00377771,0.00441316,0.00459317,0.00492321,0.00495531,0.00490174,0.00477107,0.00492995,0.00501708,0.00504966,0.00526574,0.0054093,0.0053418,0.00542371,0.00538389,0.0054186,0.00538905,0.00534097,0.00530601,0.00526156,0.00522889,0.00518413,0.00515512,0.00513788,0.00511174,0.00516677,0.00520475,0.00517968,0.00523102,0.00524642,0.00526437,0.00524462,0.00521881,0.00519562,0.00532941,0.00536583,0.00533601,0.00534827,0.00532368,0.00529819,0.0053134,0.00533763,0.00531839,0.00530013,0.00528134,0.00530219,0.00529122,0.00531134,0.0053145,]
}
