{
"dep_polymers":	"Dimers",
"occupation_fraction_average":	0.405024,
"occupation_fraction_std":	0.00184101,
"pj_over_1_minus_q_avg":	0.810047,
"pj_over_1_minus_q_std":	0.00368203,
"occupation_fraction_std_history":	[0.00185651,0.00189967,0.00185854,0.00184805,0.00187186,0.0018949,0.00187637,0.00185767,0.00184627,0.00183128,0.00182486,0.0018275,0.00183294,0.00184396,0.0018396,0.00184101,]
}
