{
"dep_polymers":	"Squared",
"occupation_fraction_average":	0.0853965,
"occupation_fraction_std":	0.000355505,
"pj_over_1_minus_q_avg":	0.426982,
"pj_over_1_minus_q_std":	0.00177752,
"occupation_fraction_std_history":	[0.000367984,0.000363996,0.000360989,0.000364213,0.000363012,0.000361229,0.00035849,0.000358865,0.000357229,0.000356719,0.000356356,0.000355841,0.000354606,0.000355482,0.000357439,0.00035655,0.000355207,0.000355505,]
}
