{
"dep_polymers":	"Linear trimers",
"occupation_fraction_average":	0.733163,
"occupation_fraction_std":	0.00152155,
"pj_over_1_minus_q_avg":	0.771751,
"pj_over_1_minus_q_std":	0.00160163,
"occupation_fraction_std_history":	[0.00148178,0.00152123,0.00153469,0.00153639,0.00153174,0.00152851,0.00152099,0.00151356,0.00151648,0.00152175,0.00152212,0.00152527,0.00152477,0.00152576,0.00152344,0.00152193,0.00152308,0.00152443,0.00152631,0.00152377,0.00152412,0.00152329,0.00152557,0.00152591,0.00152544,0.00152732,0.00152682,0.00152713,0.00152632,0.00152745,0.00152691,0.0015251,0.00152452,0.001524,0.00152428,0.00152433,0.00152349,0.00152379,0.00152412,0.00152386,0.0015241,0.00152424,0.00152358,0.00152353,0.00152315,0.0015227,0.00152293,0.0015222,0.00152132,0.00152174,0.00152156,0.00152155,]
}
