{
"dep_polymers":	"Squared",
"occupation_fraction_average":	0.563871,
"occupation_fraction_std":	0.00122773,
"pj_over_1_minus_q_avg":	0.704839,
"pj_over_1_minus_q_std":	0.00153467,
"occupation_fraction_std_history":	[0.00121609,0.00122795,0.00122773,]
}
