{
"dep_polymers":	"Dimers",
"occupation_fraction_average":	0.804196,
"occupation_fraction_std":	0.000291425,
"pj_over_1_minus_q_avg":	0.846522,
"pj_over_1_minus_q_std":	0.000306763,
"occupation_fraction_std_history":	[0.000295176,0.000299711,0.00029397,0.000293688,0.000293612,0.000292574,0.000292617,0.000293778,0.000294571,0.000294163,0.000293497,0.00029212,0.000292337,0.000292811,0.000292528,0.000292569,0.000292774,0.000293446,0.000293245,0.000293283,0.000293274,0.000293134,0.000293279,0.000293351,0.000293773,0.000293317,0.000293041,0.000292947,0.000292786,0.000292869,0.000292721,0.000292521,0.000292553,0.000292178,0.0002923,0.000292081,0.000292262,0.000292584,0.000292478,0.000292567,0.000292454,0.000292425,0.000291949,0.000291891,0.000291801,0.000291698,0.000291635,0.000291428,0.000291425,]
}
