{
"dep_polymers":	"Linear trimers",
"occupation_fraction_average":	0.34676,
"occupation_fraction_std":	0.000834847,
"pj_over_1_minus_q_avg":	0.69352,
"pj_over_1_minus_q_std":	0.00166969,
"occupation_fraction_std_history":	[0.000822523,0.000829976,0.000835135,0.000834847,]
}
