{
"dep_polymers":	"Linear trimers",
"occupation_fraction_average":	0.26734,
"occupation_fraction_std":	0.000847626,
"pj_over_1_minus_q_avg":	0.668349,
"pj_over_1_minus_q_std":	0.00211907,
"occupation_fraction_std_history":	[0.000817149,0.000882984,0.000871956,0.000863918,0.000868496,0.000864969,0.000861046,0.000856894,0.000850978,0.000858458,0.000853067,0.000855628,0.000847932,0.000850246,0.000852952,0.000850049,0.000847479,0.000849952,0.000847233,0.000847626,]
}
