{
"dep_polymers":	"Dimers",
"occupation_fraction_average":	0.408263,
"occupation_fraction_std":	0.000506303,
"pj_over_1_minus_q_avg":	0.816526,
"pj_over_1_minus_q_std":	0.00101261,
"occupation_fraction_std_history":	[0.000498418,0.000500505,0.00050636,0.000506303,]
}
