{
"dep_polymers":	"Dimers",
"occupation_fraction_average":	0.580086,
"occupation_fraction_std":	0.00104678,
"pj_over_1_minus_q_avg":	0.828694,
"pj_over_1_minus_q_std":	0.0014954,
"occupation_fraction_std_history":	[0.0010358,0.00104815,0.00103113,0.00103265,0.0010348,0.00102901,0.00103698,0.00103828,0.00104312,0.00104842,0.00105225,0.00104844,0.00104427,0.00104314,0.00104856,0.00104973,0.0010473,0.00104611,0.00104678,]
}
