{
"dep_polymers":	"Squared",
"occupation_fraction_average":	0.692056,
"occupation_fraction_std":	0.00183328,
"pj_over_1_minus_q_avg":	0.72848,
"pj_over_1_minus_q_std":	0.00192977,
"occupation_fraction_std_history":	[0.00179594,0.00184416,0.00185235,0.00183514,0.00183292,0.00184245,0.00183681,0.00184171,0.00184619,0.00184631,0.00184486,0.00184106,0.00184415,0.00183841,0.00184118,0.00184378,0.0018462,0.00184923,0.0018495,0.00184834,0.00184703,0.00184814,0.00184812,0.00184343,0.00184308,0.00184154,0.00184101,0.00184157,0.0018418,0.00184188,0.00184295,0.00184541,0.00184565,0.00184504,0.00184353,0.00184397,0.00184364,0.00184469,0.00184613,0.00184551,0.00184519,0.00184537,0.00184642,0.00184556,0.00184451,0.0018453,0.00184445,0.00184357,0.00184399,0.00184187,0.0018425,0.00184151,0.00184198,0.0018416,0.0018418,0.00184086,0.00184169,0.00184178,0.00184112,0.00184072,0.00184055,0.001841,0.00184121,0.00184062,0.0018412,0.00184105,0.00184176,0.00184197,0.00184267,0.00184157,0.00184202,0.00184269,0.00184248,0.00184293,0.00184232,0.00184183,0.0018413,0.00184097,0.0018401,0.00183904,0.00183856,0.00183862,0.00183807,0.00183728,0.0018365,0.0018363,0.00183667,0.00183688,0.00183663,0.00183665,0.00183719,0.00183712,0.00183753,0.00183688,0.00183616,0.001835,0.00183464,0.00183449,0.00183391,0.00183361,0.00183382,0.00183374,0.0018334,0.00183365,0.00183343,0.00183285,0.00183225,0.00183268,0.00183227,0.00183201,0.00183243,0.00183249,0.00183278,0.00183247,0.00183273,0.00183321,0.00183281,0.0018333,0.00183347,0.00183393,0.00183423,0.00183407,0.00183454,0.00183475,0.00183479,0.00183514,0.00183486,0.00183477,0.00183445,0.00183419,0.00183472,0.00183451,0.00183422,0.0018338,0.00183347,0.00183336,0.0018329,0.00183269,0.00183304,0.00183291,0.00183302,0.0018332,0.00183365,0.00183328,0.00183328,]
}
