{
"dep_polymers":	"Linear trimers",
"occupation_fraction_average":	0.428611,
"occupation_fraction_std":	0.00082344,
"pj_over_1_minus_q_avg":	0.714351,
"pj_over_1_minus_q_std":	0.0013724,
"occupation_fraction_std_history":	[0.000813817,0.000817916,0.000829348,0.000828331,0.00083209,0.000827751,0.000825436,0.000824496,0.000823545,0.00082344,]
}
