{
"dep_polymers":	"Linear trimers",
"occupation_fraction_average":	0.501904,
"occupation_fraction_std":	0.00564662,
"pj_over_1_minus_q_avg":	0.717005,
"pj_over_1_minus_q_std":	0.0080666,
"occupation_fraction_std_history":	[0.00540723,0.00530453,0.00559738,0.00562162,0.00567715,0.00569256,0.00563227,0.00562469,0.00564168,0.00564662,]
}
