{
"dep_polymers":	"Squared",
"occupation_fraction_average":	0.478854,
"occupation_fraction_std":	0.00300392,
"pj_over_1_minus_q_avg":	0.684078,
"pj_over_1_minus_q_std":	0.00429132,
"occupation_fraction_std_history":	[0.00329281,0.00294135,0.00299397,0.00299903,0.00307867,0.00302134,0.00302686,0.00301681,0.00308079,0.00306015,0.00304254,0.00303794,0.00304304,0.00302841,0.00303152,0.00301655,0.00302499,0.00301123,0.00300049,0.0030054,0.00298875,0.00299333,0.00299693,0.00300527,0.00300392,]
}
