{
"dep_polymers":	"Squared",
"occupation_fraction_average":	0.288785,
"occupation_fraction_std":	0.00180199,
"pj_over_1_minus_q_avg":	0.577569,
"pj_over_1_minus_q_std":	0.00360397,
"occupation_fraction_std_history":	[0.00185094,0.0018028,0.00183791,0.0017627,0.00181545,0.00178624,0.00176116,0.00176665,0.00175395,0.00177666,0.00176068,0.00176925,0.00176028,0.00177479,0.0017863,0.00179379,0.00180647,0.00180072,0.00180199,]
}
