{ 
"defperc_count":	104739,
"defperc_avg":	0.399548,
"atmperc_count":	243229,
"atmperc_avg":	0.927845
}
