{
"dep_polymers":	"Trimers",
"occupation_fraction_average":	0.715918,
"occupation_fraction_std":	0.00254874,
"pj_over_1_minus_q_avg":	0.795464,
"pj_over_1_minus_q_std":	0.00283193,
"occupation_fraction_std_history":	[0.00248583,0.00254709,0.00254874,]
}
