{
"dep_polymers":	"Trimers",
"occupation_fraction_average":	0.0541662,
"occupation_fraction_std":	0.000375739,
"pj_over_1_minus_q_avg":	0.541662,
"pj_over_1_minus_q_std":	0.00375739,
"occupation_fraction_std_history":	[0.000374501,0.000377937,0.00037253,0.000363291,0.000362371,0.000365057,0.000368621,0.000370757,0.000374745,0.000376596,0.000375957,0.000376751,0.000377383,0.000378919,0.000377014,0.000374731,0.00037526,0.000375726,0.000375739,]
}
