{
"dep_polymers":	"Dimers",
"occupation_fraction_average":	0.848776,
"occupation_fraction_std":	0.00233588,
"pj_over_1_minus_q_avg":	0.848776,
"pj_over_1_minus_q_std":	0.00233588,
"occupation_fraction_std_history":	[0.00238607,0.00233945,0.00235875,0.00238094,0.00237824,0.0023711,0.00234712,0.00234284,0.00233356,0.00233112,0.00232305,0.0023349,0.00233588,]
}
