{
"dep_polymers":	"Dimers",
"occupation_average":	6755.88,
"occupation_std":	31.2458,
"occupation_fraction_average":	0.412346,
"occupation_fraction_std":	0.00190709,
"pj_over_1_minus_q_avg":	0.824692,
"pj_over_1_minus_q_std":	0.00381418,
"occupation_history":	[6806,6744,6756,6734,6828,6696,6744,6768,6746,6716,6734,6692,6742,6758,6680,6736,6788,6792,6766,6794,6754,6778,6788,6788,6686,6752,6736,6822,6776,6722,6810,6710,6756,6742,6714,6760,6796,6764,6822,6780,6738,6756,6812,6760,6764,6754,6744,6762,6770,6738,6770,6780,6766,6818,6774,6756,6720,6738,6740,6758,6760,6784,6762,6714,6786,6712,6744,6766,6774,6740,6832,6726,6792,6688,6752,6796,6760,6716,6750,6730,6730,6752,6820,6802,6812,6762,6742,6774,6786,6774,6728,6742,6756,6716,6768,6752,6776,6764,6756,6750,6794,6700,6774,6686,6740,6692,6764,6770,6690,6774,6752,6706,6744,6760,6764,6738,6740,6724,6728,6768,6734,6724,6744,6766,6758,6772,6814,6784,6740,6752,6750,6724,6724,6772,6708,6768,6778,6698,6816,6704,6744,6738,6754,6720,6770,6728,6774,6788,6750,6772,6736,6774,6804,6782,6802,6816,6752,6800,6818,6794,6784,6718,6780,6766,6780,6778,6824,6766,6768,6746,6768,6770,6810,6818,6774,6834,6788,6744,6666,6752,6682,6738,6756,6748,6772,6762,6740,6744,6782,6782,6760,6780,6748,6796,6756,6760,6712,6762,6752,6726,6796,6780,6812,6782,6774,6810,6846,6790,6772,6736,6768,6716,6760,6764,6774,6834,6766,6774,6762,6700,6762,6762,6746,6748,6770,6812,6760,6774,6766,6716,6728,6754,6828,6788,6754,6774,6750,6742,6704,6750,6776,6726,6770,6798,6856,6738,6758,6766,6706,6758,6740,6774,6766,6780,6746,6796,6752,6794,6726,6734,6820,6770,6746,6766,6818,6710,6774,6770,6778,6780,6774,6778,6766,6720,6776,6736,6762,6724,6804,6678,6764,6740,6750,6776,6752,6770,6748,6798,6812,6760,6752,6754,6766,6734,6750,6770,6746,6768,6714,6714,6752,6692,6738,6726,6754,6772,6784,6808,6804,6812,6738,6750,6784,6788,6754,6752,6748,6750,6762,6830,6792,6732,6744,6728,6782,6722,6708,6752,6712,6716,6776,6772,6770,6770,6724,6720,6708,6694,6686,6758,6706,6704,6698,6720,6752,6762,6744,6736,6702,6750,6766,6716,6732,6808,6740,6704,6754,6742,6810,6714,6758,6730,6770,6754,6744,6780,6782,6742,6708,6778,6726,6706,6720,6762,6766,6724,6716,6814,6780,6782,6778,6776,6744,6740,6776,6722,6768,6820,6776,6700,6788,6744,6750,6724,6754,6782,6786,6716,6738,6740,6734,6702,6770,6794,6764,6760,6756,6690,6706,6792,6728,6746,6792,6716,6778,6762,6740,6702,6696,6738,6734,6756,6768,6756,6736,6742,6726,6754,6768,6748,6740,6706,6786,6768,6808,6782,6760,6776,6770,6768,6760,6782,6808,6748,6750,6730,6732,6742,6804,6728,6762,6816,6752,6774,6746,6668,6684,6770,6746,6736,6770,6792,6768,6714,6748,6684,6706,6716,6684,6722,6748,6726,6794,6774,6738,6796,6752,6688,6724,6696,6790,6776,6758,6706,6734,6738,6798,6788,6706,6776,6786,6680,6776,6730,6744,6752,6762,6728,6760,6786,6784,6738,6730,6778,6776,6772,6748,6782,6780,6722,6804,6798,]
}
