{
"dep_polymers":	"Dimers",
"occupation_fraction_average":	0.159392,
"occupation_fraction_std":	0.00162204,
"pj_over_1_minus_q_avg":	0.796961,
"pj_over_1_minus_q_std":	0.00811019,
"occupation_fraction_std_history":	[0.00148114,0.00148449,0.00145782,0.00165922,0.00166337,0.00165758,0.00163024,0.00166668,0.00162109,0.00160767,0.00164527,0.00170259,0.00167533,0.00170028,0.00167673,0.00166437,0.0016446,0.00164127,0.00163024,0.001622,0.00162204,]
}
