{
"dep_polymers":	"Linear trimers",
"occupation_fraction_average":	0.191169,
"occupation_fraction_std":	0.00279039,
"pj_over_1_minus_q_avg":	0.637231,
"pj_over_1_minus_q_std":	0.00930131,
"occupation_fraction_std_history":	[0.00239292,0.00250133,0.00255063,0.00253613,0.00269899,0.00265926,0.00272518,0.00264359,0.00268373,0.00273864,0.00270335,0.00268,0.00266548,0.00263863,0.00273873,0.00274632,0.00276361,0.00277871,0.00276609,0.00273394,0.00274888,0.00279181,0.00279039,]
}
