{
"dep_polymers":	"Dimers",
"occupation_fraction_average":	0.234648,
"occupation_fraction_std":	0.00312205,
"pj_over_1_minus_q_avg":	0.78216,
"pj_over_1_minus_q_std":	0.0104068,
"occupation_fraction_std_history":	[0.00262025,0.00274484,0.00329924,0.00332995,0.00335985,0.00331706,0.0032503,0.00322698,0.00321471,0.00317963,0.00316577,0.00316152,0.00314148,0.00311196,0.00315851,0.00313933,0.00312901,0.00311194,0.00311905,0.00312205,]
}
