{
"dep_polymers":	"Linear trimers",
"occupation_fraction_average":	0.17104,
"occupation_fraction_std":	0.00122906,
"pj_over_1_minus_q_avg":	0.570135,
"pj_over_1_minus_q_std":	0.00409687,
"occupation_fraction_std_history":	[0.00129391,0.00128505,0.0012811,0.00130834,0.00129692,0.00127931,0.00125707,0.00123819,0.00122716,0.00122228,0.00121984,0.00122799,0.00123161,0.00122818,0.00122542,0.00123371,0.00122965,0.00123185,0.00122443,0.00122953,0.00122906,]
}
