{
"dep_polymers":	"Dimers",
"occupation_fraction_average":	0.159636,
"occupation_fraction_std":	0.000549094,
"pj_over_1_minus_q_avg":	0.798179,
"pj_over_1_minus_q_std":	0.00274547,
"occupation_fraction_std_history":	[0.000500914,0.000519091,0.000520014,0.000527601,0.000531858,0.000541373,0.000543992,0.000544942,0.000544379,0.000548628,0.000549094,]
}
