{
"dep_polymers":	"Dimers",
"occupation_fraction_average":	0.848791,
"occupation_fraction_std":	0.000574458,
"pj_over_1_minus_q_avg":	0.848791,
"pj_over_1_minus_q_std":	0.000574458,
"occupation_fraction_std_history":	[0.000576485,0.00056226,0.00056819,0.000574093,0.000574458,]
}
