{
"dep_polymers":	"Trimers",
"occupation_fraction_average":	0.144346,
"occupation_fraction_std":	0.000861208,
"pj_over_1_minus_q_avg":	0.721728,
"pj_over_1_minus_q_std":	0.00430604,
"occupation_fraction_std_history":	[0.000876757,0.00086795,0.000863492,0.00085868,0.000859657,0.000864213,0.000868708,0.000866657,0.000861723,0.000861208,]
}
