{
"dep_polymers":	"Trimers",
"occupation_fraction_average":	0.54798,
"occupation_fraction_std":	0.000502762,
"pj_over_1_minus_q_avg":	0.782828,
"pj_over_1_minus_q_std":	0.000718231,
"occupation_fraction_std_history":	[0.000504559,0.000487492,0.000473978,0.000478902,0.000491333,0.000504473,0.000503355,0.000507207,0.000507988,0.000503482,0.000504349,0.00050232,0.000501556,0.000502634,0.000502088,0.000502891,0.000502762,]
}
