{
"dep_polymers":	"Trimers",
"occupation_fraction_average":	0.130937,
"occupation_fraction_std":	0.000942406,
"pj_over_1_minus_q_avg":	0.654684,
"pj_over_1_minus_q_std":	0.00471203,
"occupation_fraction_std_history":	[0.000917743,0.00093562,0.000916183,0.000933384,0.000948905,0.00096472,0.000957695,0.000941234,0.000938511,0.000952212,0.000946507,0.000948237,0.000954732,0.000953464,0.000948485,0.000950645,0.000945934,0.000943196,0.00094112,0.000943034,0.000942406,]
}
