{
"dep_polymers":	"Linear trimers",
"occupation_fraction_average":	0.730771,
"occupation_fraction_std":	0.00302753,
"pj_over_1_minus_q_avg":	0.769233,
"pj_over_1_minus_q_std":	0.00318687,
"occupation_fraction_std_history":	[0.00305429,0.00301008,0.00306263,0.00306456,0.00306071,0.0030434,0.00304281,0.00302786,0.00303377,0.00303396,0.00303232,0.00302951,0.00303124,0.0030311,0.00303167,0.00302514,0.00303262,0.00303414,0.00303604,0.00303656,0.00303662,0.00303633,0.00303523,0.00303117,0.00303057,0.00303115,0.00303121,0.00303117,0.00303198,0.00303536,0.00303402,0.0030324,0.00303166,0.00303258,0.00303272,0.00303256,0.00303251,0.00303519,0.00303501,0.00303315,0.00303305,0.00303159,0.00303352,0.00303105,0.00303141,0.00303023,0.00303271,0.00303135,0.00303312,0.00303162,0.00303014,0.00303002,0.00302934,0.00302768,0.00302753,0.00302753,]
}
