{
"dep_polymers":	"Squared",
"occupation_fraction_average":	0.65115,
"occupation_fraction_std":	0.00414533,
"pj_over_1_minus_q_avg":	0.7235,
"pj_over_1_minus_q_std":	0.00460593,
"occupation_fraction_std_history":	[0.00410709,0.00409547,0.00413219,0.00419371,0.0042569,0.00424189,0.00419292,0.00415257,0.00416557,0.00414465,0.00414533,]
}
