{
"dep_polymers":	"Linear trimers",
"occupation_fraction_average":	0.731829,
"occupation_fraction_std":	0.00152461,
"pj_over_1_minus_q_avg":	0.770346,
"pj_over_1_minus_q_std":	0.00160485,
"occupation_fraction_std_history":	[0.00153994,0.00154688,0.00153921,0.00153187,0.00152873,0.00152236,0.00151964,0.00151488,0.00151621,0.00151918,0.00152663,0.00152791,0.00152999,0.00152716,0.00152494,0.00152314,0.00151889,0.00151934,0.00151743,0.00151803,0.00152017,0.00151724,0.00151565,0.00151536,0.00151552,0.00151627,0.00151953,0.00152159,0.00152189,0.00152302,0.0015229,0.00152321,0.0015246,0.00152461,]
}
