{
"dep_polymers":	"Linear trimers",
"occupation_fraction_average":	0.733077,
"occupation_fraction_std":	0.000383079,
"pj_over_1_minus_q_avg":	0.77166,
"pj_over_1_minus_q_std":	0.000403241,
"occupation_fraction_std_history":	[0.000392857,0.000378464,0.00037772,0.000382955,0.000381188,0.000380074,0.00037968,0.00037964,0.000378545,0.00037803,0.00038053,0.00038108,0.000381764,0.000382597,0.000383266,0.000384215,0.000383577,0.000383633,0.00038368,0.000383308,0.000382604,0.000382801,0.00038261,0.000382923,0.00038346,0.000383064,0.000382836,0.000382844,0.0003829,0.00038319,0.000383228,0.000383402,0.00038335,0.000383463,0.000383451,0.000383188,0.000383626,0.000383506,0.000383317,0.000383312,0.000383233,0.000383081,0.000383079,]
}
