{
"dep_polymers":	"Linear trimers",
"occupation_fraction_average":	0.780107,
"occupation_fraction_std":	0.000755892,
"pj_over_1_minus_q_avg":	0.780107,
"pj_over_1_minus_q_std":	0.000755892,
"occupation_fraction_std_history":	[0.000730546,0.000756061,0.000755892,]
}
