{
"dep_polymers":	"Linear trimers",
"occupation_fraction_average":	0.0521802,
"occupation_fraction_std":	0.00105653,
"pj_over_1_minus_q_avg":	0.521802,
"pj_over_1_minus_q_std":	0.0105653,
"occupation_fraction_std_history":	[0.00101609,0.00101818,0.00100527,0.000992884,0.0010477,0.00104072,0.0010329,0.00103984,0.00104261,0.00102555,0.00103116,0.00103254,0.00104557,0.00106113,0.0010666,0.00106831,0.0010636,0.00105747,0.00105439,0.00105133,0.00105381,0.00105614,0.00106128,0.00106434,0.00105721,0.00105653,]
}
