{
"dep_polymers":	"Linear trimers",
"occupation_fraction_average":	0.506374,
"occupation_fraction_std":	0.00144341,
"pj_over_1_minus_q_avg":	0.723392,
"pj_over_1_minus_q_std":	0.00206201,
"occupation_fraction_std_history":	[0.00151479,0.0015199,0.00149655,0.0014987,0.00149364,0.00147187,0.00145627,0.00144976,0.0014397,0.00144208,0.00144341,]
}
