{
"dep_polymers":	"Trimers",
"occupation_fraction_average":	0.378001,
"occupation_fraction_std":	0.0115984,
"pj_over_1_minus_q_avg":	0.756001,
"pj_over_1_minus_q_std":	0.0231968,
"occupation_fraction_std_history":	[0.00846254,0.0104297,0.0103237,0.0109839,0.0116294,0.0122811,0.0127178,0.0128082,0.0141535,0.0136315,0.0135108,0.013525,0.0131674,0.0128099,0.0125224,0.0123938,0.0122433,0.0121154,0.0122297,0.012149,0.0118795,0.0116842,0.0117687,0.0116713,0.0115375,0.0114653,0.0114008,0.0113547,0.0114024,0.0112761,0.0112887,0.0113436,0.0112754,0.0112196,0.0113894,0.011351,0.0112744,0.0112692,0.0112948,0.0112166,0.0111925,0.0111242,0.0111077,0.0110498,0.0111245,0.0110442,0.0110123,0.0110941,0.0110175,0.0109944,0.010993,0.0109941,0.0111077,0.0111678,0.0112303,0.0112501,0.0111868,0.0114472,0.01155,0.0115252,0.0116118,0.0115592,0.0116862,0.0116894,0.0116196,0.0116612,0.0117043,0.0117273,0.0116759,0.0116519,0.0116764,0.0116759,0.0116369,0.0116042,0.0116154,0.0116421,0.0117254,0.0117221,0.0116971,0.0117124,0.0116818,0.0118277,0.0118695,0.0118676,0.0118956,0.01194,0.0118954,0.0118385,0.0118423,0.0118696,0.0118872,0.0118564,0.0118134,0.0118505,0.0118337,0.0118441,0.0118138,0.0117837,0.0118349,0.0118179,0.011798,0.0117985,0.0117567,0.011721,0.0116948,0.0116582,0.0116309,0.011632,0.0116145,0.0116305,0.0116291,0.0116658,0.0116344,0.0116155,0.0116491,0.0116683,0.0116399,0.0116119,0.0116059,0.0116721,0.0116342,0.0116165,0.0116111,0.0115924,0.0116027,0.0115875,0.0115857,0.0115817,0.0115955,0.0115735,0.0115577,0.0115432,0.0115155,0.0115011,0.0114985,0.0114881,0.0114739,0.0114564,0.0114443,0.0114247,0.0114261,0.011416,0.0113915,0.0113987,0.0114257,0.0114176,0.0114554,0.0114541,0.0114719,0.011435,0.0114137,0.0113955,0.0113769,0.0113646,0.0113636,0.0113975,0.0114148,0.0113918,0.0113827,0.0114308,0.011444,0.0114548,0.0114417,0.0114404,0.011412,0.0113936,0.0114516,0.0114464,0.0114729,0.0114449,0.0114507,0.0114877,0.0114762,0.0114646,0.0114736,0.0114671,0.0114687,0.0114704,0.0114866,0.0114661,0.0115111,0.0115142,0.0114975,0.0114952,0.0115108,0.0115117,0.0115359,0.0115369,0.0115375,0.0115146,0.0114987,0.0114789,0.0114787,0.0115233,0.0115197,0.0115196,0.0115376,0.0115649,0.0115543,0.0115397,0.0115453,0.0115303,0.0115355,0.0115302,0.0115058,0.0115249,0.0115217,0.0115067,0.0114973,0.0114885,0.01149,0.0114655,0.0114661,0.0114598,0.0114537,0.0114351,0.01142,0.0113966,0.0114038,0.0113979,0.0113852,0.0113656,0.0113762,0.0114147,0.0114126,0.0114009,0.0114348,0.0114193,0.0114104,0.0113963,0.011396,0.011408,0.011391,0.0114187,0.0114591,0.0114471,0.0114438,0.0114352,0.0114485,0.0114477,0.011456,0.0114461,0.0114414,0.0114546,0.0114423,0.0114448,0.0114634,0.0114667,0.0114444,0.0114309,0.0114283,0.0114169,0.0114422,0.011426,0.0114539,0.011502,0.0114983,0.0115055,0.0115136,0.0115048,0.011497,0.0115117,0.0115353,0.0115433,0.0115572,0.011548,0.0115519,0.0115661,0.0115597,0.0115612,0.0115588,0.0115731,0.0115934,0.0115861,0.0115743,0.0115785,0.0115713,0.0115765,0.0115942,0.0116023,0.0116157,0.0116174,0.0116074,0.0116486,0.0116658,0.0116525,0.0116507,0.0116607,0.0116456,0.011637,0.0116399,0.0116331,0.0116178,0.0116224,0.0116108,0.0116092,0.0116105,0.0115958,0.0115983,0.011612,0.011623,0.0116171,0.0116037,0.0115886,0.0115811,0.0116028,0.0116079,0.0116092,0.0115983,0.0115984,]
}
