{
"dep_polymers":	"Trimers",
"occupation_fraction_average":	0.464671,
"occupation_fraction_std":	0.0014669,
"pj_over_1_minus_q_avg":	0.774452,
"pj_over_1_minus_q_std":	0.00244483,
"occupation_fraction_std_history":	[0.00140085,0.00137174,0.00139393,0.0014249,0.00140701,0.00142149,0.00143015,0.00144913,0.0014422,0.00145093,0.00144071,0.00145508,0.00148996,0.00148643,0.00148116,0.00147867,0.00147715,0.00147097,0.00147575,0.00147426,0.00147257,0.00146793,0.0014669,]
}
