{
"dep_polymers":	"Linear trimers",
"occupation_fraction_average":	200.986,
"occupation_fraction_std":	6.83949,
"pj_over_1_minus_q_avg":	401.972,
"pj_over_1_minus_q_std":	13.679,
"occupation_fraction_std_history":	[6.40625,5.85577,6.56049,5.8692,6.343,6.05723,5.895,5.95058,6.21611,6.03261,5.96768,5.86003,5.76387,5.92747,6.02714,6.05552,6.18262,6.15946,6.31184,6.33675,6.27532,6.57431,6.50795,6.44283,6.39653,6.3998,6.37565,6.37751,6.32508,6.2323,6.23292,6.26797,6.39251,6.36031,6.29668,6.31189,6.25311,6.31912,6.27809,6.22643,6.32053,6.32836,6.28784,6.44866,6.54413,6.63737,6.59873,6.6257,6.70435,6.66777,6.62114,6.58412,6.56092,6.52551,6.4842,6.48135,6.53358,6.54899,6.58419,6.5539,6.54461,6.5628,6.52398,6.53899,6.56869,6.54194,6.61939,6.58512,6.58661,6.59586,6.63164,6.6301,6.68202,6.68691,6.68991,6.70465,6.71234,6.77893,6.79611,6.83445,6.831,6.80017,6.78045,6.76031,6.76722,6.74608,6.73926,6.76874,6.73871,6.72252,6.7346,6.73911,6.73048,6.71356,6.70674,6.69697,6.68838,6.73159,6.73911,6.72326,6.7862,6.82318,6.79685,6.79134,6.83452,6.84672,6.85752,6.91278,6.9197,6.92178,6.91327,6.90755,6.90479,6.89832,6.89193,6.87884,6.8799,6.86637,6.86565,6.84995,6.87879,6.88201,6.86637,6.85864,6.86434,6.84298,6.86567,6.8581,6.87694,6.85823,6.83606,6.82615,6.84067,6.86171,6.85692,6.85265,6.85982,6.84784,6.83392,6.83089,6.85121,6.83558,6.82518,6.82349,6.83895,6.82784,6.80718,6.80238,6.7899,6.78142,6.8159,6.80991,6.79187,6.82328,6.83531,6.83181,6.84279,6.85908,6.84991,6.86309,6.8647,6.8629,6.84424,6.83138,6.82421,6.8355,6.8292,6.82297,6.83949,6.83949,]
}
