{
"dep_polymers":	"Squared",
"occupation_fraction_average":	0.536588,
"occupation_fraction_std":	0.000910824,
"pj_over_1_minus_q_avg":	0.670735,
"pj_over_1_minus_q_std":	0.00113853,
"occupation_fraction_std_history":	[0.000919889,0.000912842,0.000916323,0.000903051,0.000904951,0.000908487,0.000914815,0.00091267,0.000914315,0.000909163,0.000912359,0.000916107,0.000913017,0.000911875,0.000910348,0.000910824,]
}
