{
"dep_polymers":	"Trimers",
"occupation_fraction_average":	0.294262,
"occupation_fraction_std":	0.000634618,
"pj_over_1_minus_q_avg":	0.735656,
"pj_over_1_minus_q_std":	0.00158654,
"occupation_fraction_std_history":	[0.000650779,0.00065148,0.000633658,0.000634378,0.000634618,]
}
