{
"dep_polymers":	"Dimers",
"occupation_fraction_average":	0.0747615,
"occupation_fraction_std":	0.00201097,
"pj_over_1_minus_q_avg":	0.747615,
"pj_over_1_minus_q_std":	0.0201097,
"occupation_fraction_std_history":	[0.00154515,0.00153747,0.00170541,0.00171436,0.00196386,0.00194035,0.00198785,0.00198099,0.00203024,0.0020017,0.00197605,0.00205904,0.00202759,0.00201119,0.00201097,]
}
