{
"dep_polymers":	"Squared",
"occupation_fraction_average":	0.563077,
"occupation_fraction_std":	0.00265287,
"pj_over_1_minus_q_avg":	0.703846,
"pj_over_1_minus_q_std":	0.00331609,
"occupation_fraction_std_history":	[0.00250876,0.00254323,0.00261257,0.00258547,0.00257907,0.00258075,0.00259693,0.00259309,0.0026127,0.00261659,0.002613,0.00261845,0.00260523,0.00261734,0.00264989,0.00263608,0.00263732,0.00263235,0.00263539,0.00262738,0.00263592,0.00263684,0.00264604,0.00264376,0.00263212,0.00263054,0.00263474,0.00263142,0.00262971,0.00262176,0.00261463,0.00261018,0.00260368,0.00259984,0.00259939,0.00260423,0.00260126,0.00261155,0.00261769,0.00261675,0.00261845,0.00263004,0.0026288,0.00263913,0.00264102,0.00263795,0.00263353,0.00263004,0.00263995,0.00264326,0.00266525,0.00266737,0.00266359,0.00266242,0.00266395,0.00266737,0.00266486,0.00266837,0.00266347,0.00266763,0.00267183,0.00267644,0.0026769,0.00267846,0.00267447,0.00267208,0.00267105,0.00267135,0.00267289,0.00268011,0.00268492,0.00268564,0.00268579,0.00268208,0.00267985,0.00267845,0.00268063,0.00268129,0.00268165,0.00268018,0.00268191,0.0026812,0.00267804,0.00267883,0.00267697,0.00267341,0.00267297,0.00267314,0.00266886,0.00266771,0.00266479,0.00266471,0.00266294,0.00266034,0.00266877,0.00267547,0.00267299,0.00267275,0.00267172,0.00267086,0.00267008,0.00266808,0.00266687,0.00266744,0.00266776,0.00267232,0.0026735,0.00267344,0.0026744,0.00267528,0.00267886,0.00267925,0.00267968,0.00267863,0.00267851,0.00267989,0.00267663,0.0026757,0.00267499,0.00267482,0.00267294,0.00267383,0.00267528,0.00267453,0.00267415,0.00267346,0.00267184,0.00267066,0.00266989,0.00267036,0.0026692,0.00266855,0.00267065,0.0026692,0.00266893,0.00266679,0.00266518,0.00266417,0.00266273,0.00266148,0.00266047,0.00265982,0.00265817,0.00265698,0.00265604,0.00265682,0.00265587,0.00265529,0.00265365,0.00265381,0.00265299,0.00265261,0.00265336,0.00265265,0.00265299,0.00265385,0.00265285,0.00265287,]
}
