{
"dep_polymers":	"Trimers",
"occupation_fraction_average":	0.202381,
"occupation_fraction_std":	0.000260726,
"pj_over_1_minus_q_avg":	0.674603,
"pj_over_1_minus_q_std":	0.000869088,
"occupation_fraction_std_history":	[0.000262004,0.00025818,0.000256938,0.000259182,0.000260783,0.000261723,0.000259473,0.00026036,0.000260631,0.000259673,0.000260481,0.000260726,]
}
