{
"dep_polymers":	"Linear trimers",
"occupation_fraction_average":	0.512772,
"occupation_fraction_std":	0.000796104,
"pj_over_1_minus_q_avg":	0.732531,
"pj_over_1_minus_q_std":	0.00113729,
"occupation_fraction_std_history":	[0.000827718,0.000781217,0.000790014,0.000792053,0.000796633,0.000796104,]
}
