{
"dep_polymers":	"Squared",
"occupation_fraction_average":	0.645197,
"occupation_fraction_std":	0.000346926,
"pj_over_1_minus_q_avg":	0.716886,
"pj_over_1_minus_q_std":	0.000385473,
"occupation_fraction_std_history":	[0.000342411,0.000333974,0.000348733,0.000347115,0.000346926,]
}
