{
"dep_polymers":	"Trimers",
"occupation_fraction_average":	0.632046,
"occupation_fraction_std":	0.0052222,
"pj_over_1_minus_q_avg":	0.790057,
"pj_over_1_minus_q_std":	0.00652774,
"occupation_fraction_std_history":	[0.00511265,0.00515688,0.00510176,0.00523308,0.00519361,0.00529683,0.00533963,0.00526799,0.00522516,0.0052222,]
}
