{
"dep_polymers":	"Trimers",
"occupation_fraction_average":	0.75953,
"occupation_fraction_std":	0.00535799,
"pj_over_1_minus_q_avg":	0.799505,
"pj_over_1_minus_q_std":	0.00563999,
"occupation_fraction_std_history":	[0.0053835,0.00542218,0.00545043,0.00543405,0.00543217,0.0054165,0.0054034,0.00537269,0.00537914,0.00538313,0.00539002,0.0053888,0.00538268,0.00535952,0.00535223,0.00535024,0.00534554,0.00534632,0.0053466,0.00535515,0.00535643,0.0053557,0.00536321,0.00536795,0.00536559,0.0053658,0.00537141,0.00537987,0.00537652,0.00538334,0.00538713,0.00537824,0.0053752,0.00537062,0.00537127,0.00537783,0.00537586,0.00537516,0.0053767,0.00537189,0.00537137,0.00536755,0.00536591,0.00536685,0.00536769,0.00536662,0.00536517,0.00536413,0.00536363,0.00536183,0.00536066,0.00535933,0.00535918,0.00536194,0.00536411,0.00536322,0.00536372,0.00536546,0.00536867,0.00536845,0.00536651,0.00536624,0.00536437,0.00536504,0.00536576,0.00536368,0.00536227,0.0053639,0.00536324,0.00536498,0.00536414,0.00536359,0.00536343,0.00536423,0.00536155,0.00536353,0.00536473,0.00536754,0.00536505,0.00536775,0.00536616,0.0053646,0.00536411,0.00536549,0.00536264,0.00536239,0.00536077,0.00536344,0.00536387,0.00536443,0.00536247,0.00536416,0.00536245,0.00536295,0.00536519,0.00536336,0.00536374,0.00536297,0.00536321,0.00536191,0.00536106,0.005362,0.00536473,0.00536337,0.00536463,0.00536339,0.00536382,0.0053619,0.0053617,0.00535875,0.00535907,0.00535834,0.00535714,0.00535817,0.00535763,0.0053569,0.00535726,0.00535802,0.00535855,0.00535959,0.00535908,0.00535982,0.00536038,0.00535888,0.00535866,0.00536014,0.00535954,0.00535773,0.00535813,0.00535769,0.00535836,0.00535744,0.0053584,0.00535891,0.00536039,0.0053594,0.00535861,0.00535775,0.00535939,0.00535986,0.00535909,0.00535923,0.00536014,0.00535868,0.00535804,0.00535873,0.00535837,0.00535847,0.00535837,0.00535821,0.0053586,0.00535794,0.00535799,]
}
