{
"dep_polymers":	"Dimers",
"occupation_fraction_average":	0.14737,
"occupation_fraction_std":	0.00304542,
"pj_over_1_minus_q_avg":	0.736851,
"pj_over_1_minus_q_std":	0.0152271,
"occupation_fraction_std_history":	[0.00295125,0.00277611,0.00281499,0.0027307,0.00262759,0.00256844,0.00270553,0.00299983,0.00294572,0.00305003,0.00302643,0.00301538,0.00306392,0.00307505,0.00313698,0.00319793,0.00328248,0.00324056,0.00320754,0.00323094,0.00319007,0.003151,0.00313148,0.0031078,0.00308731,0.00310861,0.00308498,0.00305884,0.00306283,0.00306823,0.00304588,0.00304542,]
}
