{
"dep_polymers":	"Dimers",
"occupation_fraction_average":	0.848779,
"occupation_fraction_std":	0.00465942,
"pj_over_1_minus_q_avg":	0.848779,
"pj_over_1_minus_q_std":	0.00465942,
"occupation_fraction_std_history":	[0.004444,0.00456458,0.00463734,0.00460208,0.00466212,0.00465942,]
}
