{
"dep_polymers":	"Squared",
"occupation_fraction_average":	0.543447,
"occupation_fraction_std":	0.00736306,
"pj_over_1_minus_q_avg":	0.679309,
"pj_over_1_minus_q_std":	0.00920382,
"occupation_fraction_std_history":	[0.00708503,0.00740944,0.00748848,0.00764815,0.00787984,0.00770445,0.00776736,0.0079933,0.00794484,0.00780574,0.00776148,0.00771547,0.00769211,0.0076684,0.00762087,0.00758817,0.00755621,0.00754459,0.00753654,0.00751133,0.00749204,0.00751797,0.00751489,0.00751082,0.0075182,0.00751329,0.00749113,0.00746953,0.00748186,0.00748164,0.00748467,0.00746413,0.00744414,0.00743176,0.00742231,0.00740999,0.00740768,0.00740002,0.00740758,0.00740466,0.00740708,0.00743343,0.00743357,0.00743109,0.00741933,0.00740684,0.0074021,0.00742333,0.00741262,0.00741184,0.00740316,0.00739256,0.00737906,0.00737317,0.00736307,0.00736306,]
}
