{
"dep_polymers":	"Squared",
"occupation_fraction_average":	0.0416145,
"occupation_fraction_std":	0.00127605,
"pj_over_1_minus_q_avg":	0.416145,
"pj_over_1_minus_q_std":	0.0127605,
"occupation_fraction_std_history":	[0.00146919,0.00134102,0.00125701,0.00137103,0.00131233,0.00129325,0.0012895,0.00127539,0.00126144,0.00127199,0.00127696,0.00127925,0.00127403,0.00127265,0.0012532,0.00124399,0.00126102,0.00125567,0.00126073,0.00125409,0.00124815,0.00124668,0.00125253,0.00125806,0.00125195,0.00126051,0.00127638,0.00127605,]
}
