{
"dep_polymers":	"Trimers",
"occupation_fraction_average":	0.137195,
"occupation_fraction_std":	0.00103805,
"pj_over_1_minus_q_avg":	0.685973,
"pj_over_1_minus_q_std":	0.00519023,
"occupation_fraction_std_history":	[0.00109502,0.0010493,0.00103893,0.00103805,]
}
