{
"dep_polymers":	"Squared",
"occupation_fraction_average":	0.552234,
"occupation_fraction_std":	0.000754096,
"pj_over_1_minus_q_avg":	0.690292,
"pj_over_1_minus_q_std":	0.00094262,
"occupation_fraction_std_history":	[0.000646149,0.000716308,0.000720504,0.000717243,0.000708642,0.000717058,0.00070992,0.000713809,0.000723266,0.00072899,0.000731823,0.000735144,0.000747798,0.000751706,0.000756181,0.000753572,0.000754096,]
}
