{
"dep_polymers":	"Squared",
"occupation_fraction_average":	0.075906,
"occupation_fraction_std":	0.00531481,
"pj_over_1_minus_q_avg":	0.37953,
"pj_over_1_minus_q_std":	0.026574,
"occupation_fraction_std_history":	[0.00378294,0.00366251,0.00401547,0.00426302,0.0042272,0.00433398,0.00439814,0.00448215,0.00442756,0.00445244,0.00450607,0.00470031,0.00467326,0.00471418,0.00489264,0.00496884,0.0049093,0.00488017,0.00522884,0.00516222,0.00512105,0.00513168,0.00519335,0.00522834,0.0053101,0.00524542,0.00520245,0.00514863,0.00515382,0.00513735,0.00514418,0.00513091,0.00511463,0.00524275,0.00529234,0.00533709,0.00530774,0.00534083,0.00539644,0.00538581,0.00534125,0.00531434,0.00530236,0.00527163,0.00525785,0.00523822,0.00522145,0.00521191,0.00518747,0.00531557,0.00531481,]
}
