{
"dep_polymers":	"Trimers",
"occupation_fraction_average":	0.629032,
"occupation_fraction_std":	0.000186651,
"pj_over_1_minus_q_avg":	0.78629,
"pj_over_1_minus_q_std":	0.000233314,
"occupation_fraction_std_history":	[0.000166403,0.00017501,0.000187033,0.000185741,0.000189726,0.000188552,0.000186933,0.000187364,0.000187055,0.000186342,0.000186094,0.000187735,0.000187072,0.000187933,0.00018711,0.000187435,0.000186579,0.000186651,]
}
