{
"dep_polymers":	"Dimers",
"occupation_fraction_average":	0.803684,
"occupation_fraction_std":	0.000144381,
"pj_over_1_minus_q_avg":	0.845983,
"pj_over_1_minus_q_std":	0.00015198,
"occupation_fraction_std_history":	[0.000148228,0.000145891,0.000147628,0.000145993,0.000144218,0.000142988,0.000142031,0.000141823,0.000141981,0.000142682,0.000142973,0.000143452,0.000143147,0.000143594,0.000143397,0.000143675,0.00014337,0.000143048,0.000143277,0.000143918,0.000143766,0.000144453,0.000144381,]
}
