{
"dep_polymers":	"Trimers",
"occupation_fraction_average":	0.0585357,
"occupation_fraction_std":	0.000193543,
"pj_over_1_minus_q_avg":	0.585357,
"pj_over_1_minus_q_std":	0.00193543,
"occupation_fraction_std_history":	[0.000201144,0.000195863,0.000197011,0.000198494,0.000197458,0.000195458,0.000194533,0.000193057,0.000193569,0.000193543,]
}
