{
"dep_polymers":	"Linear trimers",
"occupation_fraction_average":	0.421191,
"occupation_fraction_std":	0.00301455,
"pj_over_1_minus_q_avg":	0.701985,
"pj_over_1_minus_q_std":	0.00502426,
"occupation_fraction_std_history":	[0.00281471,0.00324432,0.00318554,0.00308072,0.00301696,0.00301455,]
}
