{
"dep_polymers":	"Squared",
"occupation_fraction_average":	0.398689,
"occupation_fraction_std":	0.00327373,
"pj_over_1_minus_q_avg":	0.664481,
"pj_over_1_minus_q_std":	0.00545622,
"occupation_fraction_std_history":	[0.00343407,0.00348257,0.00335609,0.00334588,0.00327474,0.00327373,]
}
