{
"dep_polymers":	"Linear trimers",
"occupation_fraction_average":	0.0597409,
"occupation_fraction_std":	0.00233615,
"pj_over_1_minus_q_avg":	0.597409,
"pj_over_1_minus_q_std":	0.0233615,
"occupation_fraction_std_history":	[0.00234986,0.00221402,0.00222185,0.00246877,0.00268287,0.00260273,0.00253797,0.00245329,0.00240596,0.00236635,0.00236021,0.00235247,0.00233393,0.00236031,0.0023363,0.00233615,]
}
