{
"dep_polymers":	"Squared",
"occupation_fraction_average":	0.543544,
"occupation_fraction_std":	0.0018666,
"pj_over_1_minus_q_avg":	0.67943,
"pj_over_1_minus_q_std":	0.00233325,
"occupation_fraction_std_history":	[0.00177612,0.00185128,0.00186067,0.00185538,0.00187789,0.00186509,0.00185326,0.00184824,0.0018503,0.00185063,0.00185185,0.001856,0.00186734,0.00186292,0.00186073,0.00186143,0.00186205,0.00186214,0.00186507,0.00186558,0.00186286,0.00186345,0.00186595,0.00186517,0.00186703,0.00186841,0.00186782,0.00187169,0.00187199,0.00187152,0.00186784,0.00186678,0.00186681,0.00186688,0.00187056,0.00187165,0.00187068,0.00186907,0.00186607,0.00186661,0.0018666,]
}
