{
"dep_polymers":	"Squared",
"occupation_fraction_average":	0.217566,
"occupation_fraction_std":	0.00622156,
"pj_over_1_minus_q_avg":	0.543914,
"pj_over_1_minus_q_std":	0.0155539,
"occupation_fraction_std_history":	[0.00558388,0.00587602,0.00618019,0.00604901,0.00633237,0.00665946,0.00653198,0.00650547,0.00637916,0.00624273,0.00622477,0.00622156,]
}
