{
"dep_polymers":	"Trimers",
"occupation_fraction_average":	0.382538,
"occupation_fraction_std":	0.00146673,
"pj_over_1_minus_q_avg":	0.765075,
"pj_over_1_minus_q_std":	0.00293346,
"occupation_fraction_std_history":	[0.00140593,0.00142441,0.00148411,0.00147702,0.00146242,0.00143235,0.00146378,0.00147303,0.00145549,0.0014726,0.0014816,0.00147219,0.00146625,0.00145843,0.00146692,0.00146673,]
}
