{
"dep_polymers":	"Linear trimers",
"occupation_fraction_average":	0.202904,
"occupation_fraction_std":	0.00326148,
"pj_over_1_minus_q_avg":	0.676346,
"pj_over_1_minus_q_std":	0.0108716,
"occupation_fraction_std_history":	[0.00367856,0.00320236,0.00316855,0.00297836,0.00300576,0.00297765,0.00288693,0.00290971,0.00285715,0.00284424,0.00294494,0.00296191,0.00294719,0.0029694,0.00300654,0.00304054,0.00319603,0.00318926,0.00317375,0.00315002,0.0031541,0.00328039,0.00326474,0.00329256,0.00326401,0.00326148,]
}
