{
"dep_polymers":	"Squared",
"occupation_fraction_average":	0.161007,
"occupation_fraction_std":	0.00373178,
"pj_over_1_minus_q_avg":	0.536689,
"pj_over_1_minus_q_std":	0.0124393,
"occupation_fraction_std_history":	[0.00405106,0.00384214,0.00372087,0.00365734,0.00385399,0.00397931,0.00384672,0.00389585,0.00380033,0.00373087,0.0036826,0.00366683,0.00362252,0.00384251,0.00383658,0.00381755,0.00378331,0.00385972,0.00381766,0.0037816,0.00378898,0.00376343,0.00375492,0.00374512,0.00373198,0.00375171,0.00371995,0.00370776,0.00370145,0.00373277,0.00373178,]
}
