{
"dep_polymers":	"Linear trimers",
"occupation_fraction_average":	0.0601206,
"occupation_fraction_std":	0.00151561,
"pj_over_1_minus_q_avg":	0.601206,
"pj_over_1_minus_q_std":	0.0151561,
"occupation_fraction_std_history":	[0.00173503,0.00155685,0.00168367,0.00162185,0.0015838,0.00156298,0.00158592,0.00156547,0.00154081,0.00152087,0.00150636,0.00149096,0.00148726,0.00148321,0.0015287,0.0015211,0.0015247,0.00154144,0.00152937,0.00152096,0.00152892,0.00151815,0.00150848,0.00150514,0.00150802,0.00150233,0.00152117,0.00152397,0.00151411,0.00151561,]
}
