{
"dep_polymers":	"Squared",
"occupation_fraction_average":	0.0975149,
"occupation_fraction_std":	0.000955975,
"pj_over_1_minus_q_avg":	0.487574,
"pj_over_1_minus_q_std":	0.00477988,
"occupation_fraction_std_history":	[0.000943022,0.000941062,0.0009443,0.000958155,0.00095074,0.00093964,0.000945226,0.000942083,0.000971672,0.000967965,0.000963915,0.000960069,0.000958689,0.000957405,0.000959162,0.000953923,0.000955789,0.000957475,0.000953424,0.000955135,0.00095713,0.000955413,0.000955975,]
}
