{
"dep_polymers":	"Trimers",
"occupation_fraction_average":	0.382679,
"occupation_fraction_std":	0.000923232,
"pj_over_1_minus_q_avg":	0.765357,
"pj_over_1_minus_q_std":	0.00184646,
"occupation_fraction_std_history":	[0.000998631,0.000985571,0.000958337,0.000933792,0.000952404,0.000962889,0.00095449,0.000955819,0.000944423,0.000937487,0.000933071,0.000928498,0.000923035,0.000924562,0.000923461,0.000923232,]
}
