{
"dep_polymers":	"Squared",
"occupation_fraction_average":	0.690068,
"occupation_fraction_std":	0.000261311,
"pj_over_1_minus_q_avg":	0.726388,
"pj_over_1_minus_q_std":	0.000275064,
"occupation_fraction_std_history":	[0.000258092,0.000268125,0.000264674,0.000258067,0.000259154,0.000260792,0.000257902,0.000257441,0.000258875,0.000259767,0.000260802,0.000259675,0.000261113,0.000261408,0.000261311,]
}
