{
"dep_polymers":	"Linear trimers",
"occupation_fraction_average":	0.691002,
"occupation_fraction_std":	0.000483098,
"pj_over_1_minus_q_avg":	0.767779,
"pj_over_1_minus_q_std":	0.000536775,
"occupation_fraction_std_history":	[0.000500917,0.000487363,0.000478397,0.000476438,0.000477601,0.000477254,0.000477407,0.000477987,0.000480485,0.000480997,0.000480607,0.000482415,0.000482852,0.000482005,0.000481942,0.000481549,0.000481769,0.000482264,0.000484297,0.000484692,0.000484588,0.000484238,0.000483673,0.000483394,0.000483479,0.000483251,0.000483263,0.000482997,0.000483095,0.000483098,]
}
