{
"dep_polymers":	"Linear trimers",
"occupation_fraction_average":	0.0395522,
"occupation_fraction_std":	0.00182704,
"pj_over_1_minus_q_avg":	0.395522,
"pj_over_1_minus_q_std":	0.0182704,
"occupation_fraction_std_history":	[0.00206758,0.00179644,0.00170241,0.0016538,0.00165887,0.00176985,0.00174005,0.00175764,0.00184546,0.00180044,0.00177026,0.00179676,0.00176005,0.0017343,0.00174256,0.00173415,0.00173907,0.00172639,0.00172091,0.00170574,0.00175911,0.00176627,0.00176171,0.00183238,0.001813,0.00183347,0.00184015,0.00182164,0.00179977,0.00179494,0.001806,0.00182292,0.00182569,0.00182704,]
}
