{
"dep_polymers":	"Linear trimers",
"occupation_fraction_average":	0.780103,
"occupation_fraction_std":	0.000760903,
"pj_over_1_minus_q_avg":	0.780103,
"pj_over_1_minus_q_std":	0.000760903,
"occupation_fraction_std_history":	[0.000797002,0.000766894,0.00077124,0.000769962,0.00077393,0.00076574,0.000759353,0.000761322,0.000760903,]
}
