{
"dep_polymers":	"Dimers",
"occupation_fraction_average":	0.667868,
"occupation_fraction_std":	0.00218419,
"pj_over_1_minus_q_avg":	0.834835,
"pj_over_1_minus_q_std":	0.00273024,
"occupation_fraction_std_history":	[0.00216403,0.00217149,0.00215935,0.00215839,0.0021498,0.00216389,0.00216882,0.00215559,0.00215907,0.00216008,0.00215698,0.00215276,0.00215914,0.00216204,0.00216109,0.00216446,0.00216633,0.00217215,0.00217281,0.00217177,0.00217034,0.00217061,0.00217299,0.00217499,0.00217526,0.00217763,0.00218038,0.00217954,0.00217769,0.00217678,0.00217662,0.00217561,0.00217475,0.00217667,0.00217908,0.00217844,0.00217971,0.00218087,0.00217972,0.00218226,0.00218271,0.00218183,0.00218081,0.00218139,0.00217987,0.00217983,0.00218107,0.00218237,0.00218356,0.00218434,0.00218293,0.00218421,0.00218419,]
}
