{
"dep_polymers":	"Dimers",
"occupation_fraction_average":	0.584992,
"occupation_fraction_std":	0.00110264,
"pj_over_1_minus_q_avg":	0.835703,
"pj_over_1_minus_q_std":	0.0015752,
"occupation_fraction_std_history":	[0.00108831,0.00109139,0.00110337,0.00110264,]
}
