{
"dep_polymers":	"Squared",
"occupation_fraction_average":	0.298832,
"occupation_fraction_std":	0.0219242,
"pj_over_1_minus_q_avg":	0.597664,
"pj_over_1_minus_q_std":	0.0438484,
"occupation_fraction_std_history":	[0.00809854,0.00921285,0.0104141,0.0101291,0.0109924,0.0112668,0.0118285,0.0120231,0.0118596,0.012379,0.0121527,0.013164,0.0131475,0.0132877,0.0131024,0.0129965,0.014147,0.0161971,0.0173903,0.018593,0.0190706,0.0191487,0.0202915,0.0208946,0.0214627,0.0216058,0.0215289,0.0220039,0.022215,0.0220697,0.0223528,0.022416,0.0223613,0.0223371,0.0223459,0.0224011,0.0224694,0.0223689,0.022284,0.0221835,0.0221785,0.0220043,0.0219242,0.0219242,]
}
