{
"dep_polymers":	"Dimers",
"occupation_fraction_average":	0.401749,
"occupation_fraction_std":	0.00382474,
"pj_over_1_minus_q_avg":	0.803499,
"pj_over_1_minus_q_std":	0.00764948,
"occupation_fraction_std_history":	[0.00328088,0.00341844,0.00356714,0.00364521,0.00373896,0.00372495,0.0036969,0.00390845,0.0038808,0.00392281,0.00387493,0.00384658,0.00383971,0.00383427,0.00382043,0.00382528,0.00382474,]
}
