{
"dep_polymers":	"Squared",
"occupation_fraction_average":	0.479412,
"occupation_fraction_std":	0.00197627,
"pj_over_1_minus_q_avg":	0.684874,
"pj_over_1_minus_q_std":	0.00282324,
"occupation_fraction_std_history":	[0.00185541,0.00190988,0.00198654,0.00200198,0.00201877,0.00208872,0.00204887,0.00204497,0.00204267,0.00202202,0.00201159,0.00200493,0.00198877,0.00198546,0.00197901,0.00198454,0.00197495,0.00197627,]
}
