{
"dep_polymers":	"Trimers",
"occupation_fraction_average":	387.279,
"occupation_fraction_std":	9.34092,
"pj_over_1_minus_q_avg":	774.559,
"pj_over_1_minus_q_std":	18.6818,
"occupation_fraction_std_history":	[7.4458,9.21737,8.1388,8.12773,7.6875,7.18958,6.96663,6.82624,7.70166,7.76786,7.57652,7.45587,7.5543,7.66903,7.9202,7.93504,8.04396,7.98533,7.90458,8.29086,8.28936,8.15523,8.11241,8.02336,8.12463,8.1845,8.12787,8.09637,8.05357,7.97418,7.99249,8.19175,8.23225,8.21794,8.26147,8.25893,8.20284,8.31254,8.33358,8.33001,8.34228,8.31723,8.27483,8.3221,8.23698,8.24518,8.31792,8.29292,8.26658,8.20782,8.19812,8.27502,8.24039,8.25271,8.20868,8.16014,8.19522,8.17985,8.11552,8.10636,8.23506,8.21455,8.18405,8.20937,8.26863,8.28331,8.35403,8.57634,8.70511,8.89961,8.91465,8.92182,8.90995,8.96336,8.90988,8.91364,8.96356,8.97386,8.98825,8.9712,9.01356,9.08809,9.0718,9.14196,9.22468,9.29499,9.3563,9.32951,9.321,9.315,9.29573,9.265,9.29549,9.25531,9.31292,9.28365,9.26771,9.25349,9.24451,9.27846,9.30244,9.28586,9.25533,9.24777,9.2407,9.24113,9.2095,9.19225,9.17867,9.18133,9.18169,9.18893,9.21435,9.21111,9.20999,9.20416,9.19963,9.1668,9.16113,9.14314,9.17136,9.19063,9.15755,9.15798,9.13195,9.13821,9.13108,9.1353,9.18107,9.15461,9.15361,9.12345,9.18962,9.18277,9.16278,9.14502,9.12631,9.14097,9.13384,9.12867,9.10866,9.10722,9.11728,9.09753,9.15118,9.14783,9.12569,9.12556,9.12069,9.11187,9.09064,9.07537,9.08145,9.07196,9.06629,9.08015,9.09891,9.08264,9.096,9.09406,9.10277,9.09291,9.11517,9.10004,9.1572,9.19562,9.20757,9.25964,9.26764,9.24861,9.23555,9.24826,9.24935,9.30747,9.31907,9.3236,9.31264,9.31782,9.31767,9.32214,9.34149,9.34115,9.32178,9.33673,9.34236,9.32631,9.31402,9.33066,9.34256,9.3525,9.34444,9.36649,9.40389,9.41331,9.44386,9.45797,9.45898,9.4583,9.45641,9.45054,9.44094,9.42862,9.43517,9.4332,9.43584,9.4375,9.44467,9.45506,9.44115,9.43511,9.44139,9.46093,9.45449,9.47214,9.47526,9.47462,9.50692,9.51496,9.56234,9.55833,9.55411,9.54966,9.54748,9.55135,9.54116,9.53894,9.5551,9.54645,9.53252,9.51312,9.51486,9.49831,9.48631,9.48677,9.51227,9.53843,9.53036,9.51469,9.51171,9.5189,9.5102,9.494,9.47997,9.48781,9.50809,9.50293,9.49519,9.50697,9.52018,9.52504,9.52944,9.52006,9.51921,9.52439,9.53304,9.52676,9.52516,9.52734,9.5202,9.53349,9.52145,9.5171,9.51329,9.51154,9.50056,9.48501,9.4701,9.47129,9.4637,9.45363,9.45038,9.44217,9.43415,9.42192,9.40925,9.39932,9.40126,9.39039,9.38751,9.38144,9.37872,9.36691,9.35348,9.38018,9.39031,9.38971,9.38211,9.38193,9.37556,9.37607,9.36911,9.36031,9.35006,9.34267,9.33253,9.32152,9.31047,9.30667,9.3073,9.29737,9.29504,9.29772,9.28831,9.28871,9.28072,9.27376,9.28522,9.29157,9.28379,9.27491,9.27711,9.2702,9.26902,9.2666,9.25708,9.2654,9.26327,9.27016,9.2867,9.28132,9.27398,9.26001,9.25255,9.26848,9.25625,9.25315,9.26256,9.26528,9.26173,9.26665,9.2727,9.26082,9.25315,9.26051,9.25006,9.27888,9.28445,9.3132,9.3241,9.31665,9.31262,9.30927,9.30664,9.30364,9.30783,9.30375,9.30765,9.30409,9.30754,9.31241,9.31077,9.3075,9.32653,9.33464,9.33668,9.3635,9.3776,9.3808,9.39923,9.38982,9.40154,9.4166,9.41134,9.41379,9.41769,9.42856,9.42805,9.44363,9.44301,9.43619,9.43272,9.42081,9.41176,9.39968,9.39786,9.38766,9.37952,9.38185,9.373,9.37431,9.3693,9.36202,9.35605,9.35237,9.36244,9.35605,9.36392,9.35679,9.35145,9.34808,9.34673,9.34383,9.33514,9.33535,9.35087,9.34948,9.34155,9.35456,9.35105,9.34272,9.33875,9.34392,9.34521,9.33981,9.33444,9.35999,9.36176,9.35545,9.35251,9.3526,9.34543,9.34597,9.35231,9.36336,9.35744,9.35795,9.35576,9.373,9.36292,9.38601,9.37914,9.37513,9.37469,9.36985,9.38093,9.37598,9.37129,9.37563,9.37162,9.36975,9.37076,9.36803,9.36731,9.35824,9.35836,9.35067,9.35383,9.36726,9.37167,9.36477,9.35558,9.35228,9.34937,9.34441,9.34196,9.34555,9.34805,9.34783,9.35893,9.35677,9.35349,9.35226,9.35504,9.36099,9.35909,9.35095,9.34866,9.35216,9.35002,9.35303,9.34506,9.34046,9.33813,9.33996,9.34086,9.34092,]
}
