{
"dep_polymers":	"Dimers",
"occupation_average":	176204,
"occupation_std":	375.549,
"occupation_fraction_average":	0.672163,
"occupation_fraction_std":	0.00143261,
"pj_over_1_minus_q_avg":	0.840204,
"pj_over_1_minus_q_std":	0.00179076,
"occupation_history":	[176200,176260,176058,176340,176466,176210,176168,176286,176246,176244,176156,176332,176124,176292,176592,176484,176274,176402,176322,175944,176010,176286,176424,176206,176420,176190,176044,176136,176322,176150,176188,175974,176412,176424,175938,176192,176116,176362,176424,176402,176028,176168,175936,176100,176120,176414,176266,176318,176232,176036,176208,176186,176104,176306,176454,176080,176222,176302,176420,176104,176378,176350,176460,176258,176246,176420,176472,176284,176296,176040,175958,176310,176356,176312,176190,176072,176636,176106,176282,176412,176140,176230,176432,176066,176404,176112,176022,176040,175992,176384,176268,176488,176184,176276,176272,176460,176206,176066,176106,176244,176290,176266,176276,176214,176098,176044,176322,176440,175994,176186,176168,176242,176292,175962,175976,175962,176122,176374,176306,176204,176286,176324,175862,176138,176116,176332,176160,176254,176104,176484,176218,176224,176286,176404,176266,175994,175786,176114,176150,176162,175974,176160,176118,176208,176084,176092,176110,176460,176204,175812,176052,176490,175896,176272,176042,176150,176178,175882,176378,176108,175950,176216,176146,176302,176228,176270,176234,176108,176310,176128,176264,176020,176064,176270,176424,176312,176114,176190,176098,176254,176108,176098,176312,176314,175972,176302,176028,176232,176328,176050,176086,176152,176374,176324,176036,175998,175922,176256,176418,175880,176248,176210,176250,176116,176048,176236,176030,176362,176238,176124,176154,176344,176250,176150,176212,176304,176108,176242,176006,175786,176236,175996,176400,176342,176026,176128,176238,176376,176230,176272,176074,176552,176206,176092,176096,176074,176288,176022,176076,176142,176360,176150,176288,176126,176522,176246,176230,176126,175916,175976,176298,176290,176188,176452,176160,176088,]
}
