{
"dep_polymers":	"Trimers",
"occupation_fraction_average":	0.717321,
"occupation_fraction_std":	0.00134885,
"pj_over_1_minus_q_avg":	0.797023,
"pj_over_1_minus_q_std":	0.00149872,
"occupation_fraction_std_history":	[0.00135538,0.00135306,0.00135767,0.00135769,0.00134984,0.00134902,0.0013452,0.00134908,0.00134996,0.00134956,0.00135054,0.00135378,0.00135694,0.00135952,0.00135592,0.00135529,0.00135279,0.0013504,0.00135122,0.00134958,0.00135165,0.00134991,0.00134884,0.00134885,]
}
