{
"dep_polymers":	"Squared",
"occupation_fraction_average":	0.160777,
"occupation_fraction_std":	0.000615323,
"pj_over_1_minus_q_avg":	0.535922,
"pj_over_1_minus_q_std":	0.00205108,
"occupation_fraction_std_history":	[0.000605423,0.00059305,0.000595759,0.000599555,0.000610359,0.000614206,0.000615004,0.000615323,]
}
