{
"dep_polymers":	"Dimers",
"occupation_fraction_average":	0.0774741,
"occupation_fraction_std":	0.0022447,
"pj_over_1_minus_q_avg":	0.774741,
"pj_over_1_minus_q_std":	0.022447,
"occupation_fraction_std_history":	[0.0018241,0.00173393,0.00198798,0.00197952,0.00246105,0.00262854,0.00259279,0.00252092,0.00252814,0.00257584,0.00251058,0.00245758,0.00241244,0.00237602,0.00234151,0.00230707,0.00227514,0.00225131,0.00227836,0.0022637,0.00224336,0.0022447,]
}
