{
"dep_polymers":	"Trimers",
"occupation_fraction_average":	0.760495,
"occupation_fraction_std":	0.000343269,
"pj_over_1_minus_q_avg":	0.800521,
"pj_over_1_minus_q_std":	0.000361336,
"occupation_fraction_std_history":	[0.000339265,0.000344118,0.000340422,0.000343459,0.000343894,0.000341236,0.000340081,0.000341373,0.000341605,0.000342125,0.000343058,0.000343591,0.000343062,0.000343264,0.000343815,0.000343647,0.000343947,0.000344108,0.000344003,0.000343804,0.00034414,0.000344423,0.000344398,0.000344427,0.000344322,0.000344212,0.00034419,0.000343974,0.000344171,0.000343662,0.000342933,0.000342907,0.00034307,0.000343136,0.000343349,0.000343494,0.000343413,0.000343591,0.000343472,0.000343504,0.000343746,0.000344226,0.000344328,0.000344107,0.000344172,0.000344081,0.000343999,0.000344058,0.000344158,0.000344141,0.000344217,0.000344135,0.000344152,0.000344031,0.000343794,0.000343671,0.000343559,0.000343465,0.00034353,0.000343316,0.000343228,0.000343165,0.000343252,0.000343266,0.000343269,]
}
