{
"dep_polymers":	"Squared",
"occupation_fraction_average":	0.321917,
"occupation_fraction_std":	0.00228181,
"pj_over_1_minus_q_avg":	0.643834,
"pj_over_1_minus_q_std":	0.00456363,
"occupation_fraction_std_history":	[0.00256662,0.0024867,0.00235208,0.0022835,0.00232558,0.00229993,0.00227569,0.00228813,0.00227558,0.00228104,0.00228482,0.00228943,0.00226905,0.00225972,0.0022724,0.00228251,0.00228695,0.00227987,0.00228302,0.00228181,]
}
