{
"dep_polymers":	"Dimers",
"occupation_fraction_average":	0.0709145,
"occupation_fraction_std":	0.000574298,
"pj_over_1_minus_q_avg":	0.709145,
"pj_over_1_minus_q_std":	0.00574298,
"occupation_fraction_std_history":	[0.000576053,0.000561207,0.000588221,0.000609922,0.000593001,0.000582125,0.00057491,0.000586762,0.000575767,0.0005709,0.000569496,0.000568077,0.000570318,0.000574913,0.000573813,0.000574298,]
}
