{
"dep_polymers":	"Trimers",
"occupation_fraction_average":	0.759297,
"occupation_fraction_std":	0.00134197,
"pj_over_1_minus_q_avg":	0.79926,
"pj_over_1_minus_q_std":	0.0014126,
"occupation_fraction_std_history":	[0.00134704,0.00134245,0.00134837,0.00134506,0.00134804,0.00135976,0.00135256,0.00135775,0.00135825,0.00135551,0.00135962,0.00135452,0.00135336,0.00135093,0.00134885,0.00134847,0.00134738,0.00134982,0.00135053,0.00134927,0.00134647,0.00134623,0.00134464,0.00134445,0.00134334,0.0013436,0.00134435,0.00134496,0.0013436,0.00134091,0.00134201,0.00134128,0.00134196,0.00134197,]
}
