{
"dep_polymers":	"Dimers",
"occupation_fraction_average":	0.404758,
"occupation_fraction_std":	0.000464361,
"pj_over_1_minus_q_avg":	0.809517,
"pj_over_1_minus_q_std":	0.000928723,
"occupation_fraction_std_history":	[0.000477331,0.00046465,0.000464361,]
}
