{
"dep_polymers":	"Squared",
"occupation_fraction_average":	0.399032,
"occupation_fraction_std":	0.00216728,
"pj_over_1_minus_q_avg":	0.665053,
"pj_over_1_minus_q_std":	0.00361213,
"occupation_fraction_std_history":	[0.0021223,0.0022006,0.00214933,0.00212235,0.00213538,0.00215629,0.00217812,0.00216836,0.00216728,]
}
