{
"dep_polymers":	"Linear trimers",
"occupation_fraction_average":	0.731868,
"occupation_fraction_std":	0.00302856,
"pj_over_1_minus_q_avg":	0.770388,
"pj_over_1_minus_q_std":	0.00318796,
"occupation_fraction_std_history":	[0.00300285,0.00299233,0.00301868,0.00300136,0.00299668,0.00299879,0.00299767,0.00300147,0.00301322,0.00301577,0.00301599,0.00301343,0.0030154,0.00301518,0.00301635,0.00302143,0.00302232,0.00302667,0.00303,0.00302612,0.00301926,0.00302133,0.00302246,0.00302193,0.00302379,0.00302398,0.00302232,0.00302269,0.00302326,0.00302246,0.00302016,0.00302247,0.00302056,0.00302038,0.00302142,0.0030213,0.00302227,0.00302132,0.00302335,0.00302527,0.00302543,0.00302462,0.00302591,0.00302583,0.00302812,0.00302856,0.00302664,0.00302872,0.00303012,0.00303145,0.0030296,0.00302976,0.00303069,0.00302855,0.00302856,]
}
