{
"dep_polymers":	"Linear trimers",
"occupation_fraction_average":	0.780113,
"occupation_fraction_std":	0.000378881,
"pj_over_1_minus_q_avg":	0.780113,
"pj_over_1_minus_q_std":	0.000378881,
"occupation_fraction_std_history":	[0.00039149,0.00037848,0.000379188,0.000376506,0.000378132,0.000377515,0.000376707,0.00037809,0.000378504,0.000378881,]
}
