{
"dep_polymers":	"Linear trimers",
"occupation_fraction_average":	0.688073,
"occupation_fraction_std":	0.00604847,
"pj_over_1_minus_q_avg":	0.764526,
"pj_over_1_minus_q_std":	0.00672052,
"occupation_fraction_std_history":	[0.0061938,0.00614287,0.00608646,0.00607527,0.00607983,0.00607862,0.00608627,0.00606685,0.00611035,0.0060951,0.00609962,0.00611477,0.00610023,0.0060936,0.00608859,0.00607921,0.00608095,0.00607372,0.00606849,0.00607825,0.00608785,0.00607987,0.00607779,0.00607348,0.00606711,0.00606974,0.00607046,0.0060745,0.00606962,0.00606302,0.00606125,0.00605759,0.00605655,0.00605393,0.00604848,0.00604847,]
}
