{
"dep_polymers":	"Squared",
"occupation_fraction_average":	0.0507438,
"occupation_fraction_std":	0.00127397,
"pj_over_1_minus_q_avg":	0.507438,
"pj_over_1_minus_q_std":	0.0127397,
"occupation_fraction_std_history":	[0.00111621,0.00120589,0.00120889,0.00118586,0.00120875,0.00122327,0.00123688,0.00124796,0.00124468,0.00122896,0.0012261,0.00123403,0.00124219,0.00124756,0.00124928,0.00125288,0.00126748,0.00127674,0.00127465,0.00127397,]
}
