{
"dep_polymers":	"Dimers",
"occupation_fraction_average":	0.848819,
"occupation_fraction_std":	0.00115684,
"pj_over_1_minus_q_avg":	0.848819,
"pj_over_1_minus_q_std":	0.00115684,
"occupation_fraction_std_history":	[0.00116118,0.00114562,0.00115714,0.00115684,]
}
