{
"dep_polymers":	"Trimers",
"occupation_fraction_average":	0.222016,
"occupation_fraction_std":	0.00236862,
"pj_over_1_minus_q_avg":	0.740053,
"pj_over_1_minus_q_std":	0.0078954,
"occupation_fraction_std_history":	[0.00212605,0.00220986,0.00226346,0.00226934,0.00232335,0.00236907,0.00236862,]
}
