{
"dep_polymers":	"Linear trimers",
"occupation_fraction_average":	0.512859,
"occupation_fraction_std":	0.00152919,
"pj_over_1_minus_q_avg":	0.732655,
"pj_over_1_minus_q_std":	0.00218455,
"occupation_fraction_std_history":	[0.00153663,0.00157648,0.00153727,0.00155949,0.00155166,0.00155844,0.00155357,0.00154158,0.00153588,0.00152871,0.00152919,]
}
