{
"dep_polymers":	"Trimers",
"occupation_fraction_average":	0.283116,
"occupation_fraction_std":	0.000555671,
"pj_over_1_minus_q_avg":	0.707791,
"pj_over_1_minus_q_std":	0.00138918,
"occupation_fraction_std_history":	[0.000516311,0.000543855,0.000546512,0.0005449,0.000543529,0.000549668,0.000551136,0.000549273,0.00055176,0.000547811,0.00054625,0.000548177,0.000551367,0.000552702,0.000554507,0.000555479,0.000555671,]
}
