{
"dep_polymers":	"Dimers",
"occupation_fraction_average":	0.229968,
"occupation_fraction_std":	0.000405743,
"pj_over_1_minus_q_avg":	0.766559,
"pj_over_1_minus_q_std":	0.00135248,
"occupation_fraction_std_history":	[0.000421199,0.000415449,0.00040561,0.000405743,]
}
