{
"dep_polymers":	"Dimers",
"occupation_fraction_average":	0.315195,
"occupation_fraction_std":	0.000443729,
"pj_over_1_minus_q_avg":	0.787987,
"pj_over_1_minus_q_std":	0.00110932,
"occupation_fraction_std_history":	[0.000422389,0.000430804,0.000425442,0.000439137,0.000440044,0.000438448,0.000443851,0.000443729,]
}
