{
"dep_polymers":	"Linear trimers",
"occupation_fraction_average":	0.691069,
"occupation_fraction_std":	0.00031331,
"pj_over_1_minus_q_avg":	0.767855,
"pj_over_1_minus_q_std":	0.000348122,
"occupation_fraction_std_history":	[0.000333072,0.000321563,0.000320066,0.000318998,0.000317046,0.000314937,0.000315676,0.000312625,0.000314943,0.000312146,0.000311378,0.000312201,0.000311229,0.000315024,0.000314695,0.000314243,0.000313279,0.00031331,]
}
