{
"dep_polymers":	"Linear trimers",
"occupation_fraction_average":	0.191032,
"occupation_fraction_std":	0.00491126,
"pj_over_1_minus_q_avg":	0.636772,
"pj_over_1_minus_q_std":	0.0163709,
"occupation_fraction_std_history":	[0.00549945,0.00592048,0.00553214,0.00544901,0.00513306,0.00491614,0.00491126,]
}
