{
"dep_polymers":	"Linear trimers",
"occupation_fraction_average":	0.68766,
"occupation_fraction_std":	0.00300142,
"pj_over_1_minus_q_avg":	0.764066,
"pj_over_1_minus_q_std":	0.00333491,
"occupation_fraction_std_history":	[0.00288334,0.00287982,0.0029774,0.00298664,0.00300005,0.00300142,]
}
