{
"dep_polymers":	"Squared",
"occupation_fraction_average":	0.552192,
"occupation_fraction_std":	0.00395524,
"pj_over_1_minus_q_avg":	0.69024,
"pj_over_1_minus_q_std":	0.00494405,
"occupation_fraction_std_history":	[0.00362342,0.00366428,0.0037197,0.00374309,0.00380155,0.00380507,0.00380292,0.00378136,0.00376522,0.00381407,0.00381594,0.00384021,0.00385102,0.0038589,0.00386005,0.00386665,0.00384854,0.00385828,0.00384457,0.00385186,0.0038544,0.00386711,0.00388032,0.0038797,0.00388109,0.0038873,0.00389186,0.00389164,0.0038934,0.00389922,0.00389649,0.00389983,0.0039032,0.00389867,0.003908,0.00392858,0.00392804,0.00392847,0.00392616,0.00392946,0.00393288,0.0039323,0.00392754,0.00392971,0.00393483,0.00394846,0.00395524,0.00395524,]
}
