{
"dep_polymers":	"Linear trimers",
"occupation_fraction_average":	0.248359,
"occupation_fraction_std":	0.00251963,
"pj_over_1_minus_q_avg":	0.620899,
"pj_over_1_minus_q_std":	0.00629908,
"occupation_fraction_std_history":	[0.00247977,0.00271966,0.00260378,0.00267185,0.00261376,0.00263018,0.00270334,0.00266005,0.00269811,0.00267479,0.00265762,0.0026239,0.00260591,0.00257672,0.00258492,0.00256352,0.0025673,0.00255078,0.00254462,0.00252406,0.00250984,0.00251759,0.00251963,]
}
