{
"dep_polymers":	"Linear trimers",
"occupation_fraction_average":	0.108623,
"occupation_fraction_std":	0.000604308,
"pj_over_1_minus_q_avg":	0.543115,
"pj_over_1_minus_q_std":	0.00302154,
"occupation_fraction_std_history":	[0.00060818,0.000625099,0.000619629,0.000622068,0.000614848,0.000606468,0.000600666,0.000599211,0.000601193,0.000602948,0.000599231,0.000604076,0.000603452,0.000604318,0.000604308,]
}
