{
"dep_polymers":	"Dimers",
"occupation_fraction_average":	0.405784,
"occupation_fraction_std":	0.0037881,
"pj_over_1_minus_q_avg":	0.811568,
"pj_over_1_minus_q_std":	0.0075762,
"occupation_fraction_std_history":	[0.00361902,0.0037227,0.00360492,0.00379988,0.0038153,0.0037587,0.00377902,0.00380361,0.00376825,0.00375423,0.00378856,0.0037881,]
}
