{
"dep_polymers":	"Trimers",
"occupation_fraction_average":	0.715906,
"occupation_fraction_std":	0.00262962,
"pj_over_1_minus_q_avg":	0.795451,
"pj_over_1_minus_q_std":	0.0029218,
"occupation_fraction_std_history":	[0.00244807,0.00256907,0.00260013,0.00260525,0.00261661,0.00262514,0.00261559,0.0026254,0.00263031,0.00263088,0.00263675,0.00264258,0.00263493,0.00263255,0.00262909,0.002624,0.00262738,0.0026273,0.0026289,0.00262783,0.00262536,0.00262736,0.0026254,0.00262684,0.00263061,0.00263036,0.00262891,0.00262781,0.00263103,0.00262899,0.00262813,0.00262533,0.00262579,0.00262559,0.00262803,0.00262537,0.00262583,0.00262672,0.00262891,0.00263001,0.00263019,0.00263063,0.00262962,0.00262962,]
}
