{
"dep_polymers":	"Squared",
"occupation_fraction_average":	0.288745,
"occupation_fraction_std":	0.00355893,
"pj_over_1_minus_q_avg":	0.577489,
"pj_over_1_minus_q_std":	0.00711785,
"occupation_fraction_std_history":	[0.00275905,0.0033271,0.00351712,0.00353075,0.00349278,0.00340973,0.0033677,0.00335547,0.0033935,0.00337154,0.00335681,0.00337854,0.00339319,0.00338865,0.00339979,0.00338606,0.00339213,0.00343581,0.00341815,0.00343884,0.0034231,0.00346403,0.00345753,0.00346201,0.00344295,0.00346801,0.00345095,0.00353408,0.00355986,0.00355893,]
}
