{
"dep_polymers":	"Dimers",
"occupation_fraction_average":	0.582204,
"occupation_fraction_std":	0.00104092,
"pj_over_1_minus_q_avg":	0.83172,
"pj_over_1_minus_q_std":	0.00148703,
"occupation_fraction_std_history":	[0.00102625,0.00107147,0.00105633,0.0010461,0.00104475,0.00103443,0.00102786,0.00102926,0.00102641,0.00103088,0.00103782,0.00104016,0.00103686,0.00104031,0.00104092,]
}
