{
"dep_polymers":	"Trimers",
"occupation_fraction_average":	0.0587626,
"occupation_fraction_std":	0.00148367,
"pj_over_1_minus_q_avg":	0.587626,
"pj_over_1_minus_q_std":	0.0148367,
"occupation_fraction_std_history":	[0.00188893,0.00154661,0.00149981,0.00139122,0.00139813,0.00138259,0.00140577,0.00145782,0.00144692,0.00141778,0.00145823,0.00147981,0.00149308,0.00147942,0.0015247,0.0015116,0.00150118,0.00149295,0.00148342,0.00147622,0.00149154,0.00148679,0.00147501,0.00148673,0.00147663,0.00148391,0.00148367,]
}
