{
"dep_polymers":	"Dimers",
"occupation_fraction_average":	0.803875,
"occupation_fraction_std":	0.00457942,
"pj_over_1_minus_q_avg":	0.846184,
"pj_over_1_minus_q_std":	0.00482044,
"occupation_fraction_std_history":	[0.0045202,0.004481,0.0044828,0.0044637,0.00449587,0.00450486,0.00450822,0.0045056,0.0045205,0.00452042,0.00454153,0.00454476,0.00454917,0.00455287,0.00454962,0.0045541,0.00455964,0.00456192,0.00456202,0.00456997,0.00457326,0.00456973,0.0045716,0.00457477,0.00457403,0.00457907,0.00458807,0.00458467,0.00458479,0.00458407,0.00458515,0.00458847,0.00458274,0.00457944,0.00457942,]
}
