{
"dep_polymers":	"Trimers",
"occupation_fraction_average":	0.717275,
"occupation_fraction_std":	0.00267541,
"pj_over_1_minus_q_avg":	0.796972,
"pj_over_1_minus_q_std":	0.00297268,
"occupation_fraction_std_history":	[0.0026579,0.00267297,0.00269355,0.00267737,0.0026828,0.00266508,0.00266931,0.00268546,0.00266854,0.00266358,0.00266661,0.00266493,0.00266592,0.00267364,0.00267098,0.00266993,0.00266967,0.0026731,0.00267768,0.00267576,0.00267878,0.00267461,0.00267564,0.0026795,0.00267929,0.00267856,0.00267639,0.00267679,0.0026737,0.00267632,0.0026745,0.00267545,0.00267538,0.00267541,]
}
