{
"dep_polymers":	"Dimers",
"occupation_fraction_average":	0.76006,
"occupation_fraction_std":	0.00451438,
"pj_over_1_minus_q_avg":	0.844511,
"pj_over_1_minus_q_std":	0.00501598,
"occupation_fraction_std_history":	[0.00452119,0.00454762,0.00450858,0.0045449,0.00453627,0.00453546,0.00453271,0.00451386,0.00452976,0.00453993,0.00453336,0.00451594,0.00453136,0.0045217,0.00452622,0.00453263,0.00452935,0.00452762,0.00453998,0.00454027,0.00453531,0.00453001,0.0045275,0.00451903,0.00451158,0.00450608,0.00450845,0.00450953,0.00451282,0.0045118,0.00451269,0.00451702,0.00451841,0.00452114,0.00451623,0.0045103,0.00451533,0.00451233,0.00451442,0.00451437,0.00451438,]
}
