{
"dep_polymers":	"Squared",
"occupation_fraction_average":	0.694594,
"occupation_fraction_std":	0.000287721,
"pj_over_1_minus_q_avg":	0.731152,
"pj_over_1_minus_q_std":	0.000302864,
"occupation_fraction_std_history":	[0.000285199,0.000292146,0.000287686,0.000287721,]
}
