{
"dep_polymers":	"Linear trimers",
"occupation_fraction_average":	0.109207,
"occupation_fraction_std":	0.00233883,
"pj_over_1_minus_q_avg":	0.546033,
"pj_over_1_minus_q_std":	0.0116941,
"occupation_fraction_std_history":	[0.00171277,0.00203107,0.00225113,0.0022914,0.00222663,0.00218722,0.00223285,0.00230208,0.00237,0.00241123,0.00237157,0.00237545,0.00236044,0.00233677,0.00230597,0.00235074,0.00233454,0.00233811,0.00233883,]
}
