{ 
"defperc_count":	33286,
"defperc_avg":	0.253952,
"atmperc_count":	130871,
"atmperc_avg":	0.998466
}
