{
"dep_polymers":	"Squared",
"occupation_fraction_average":	0.245917,
"occupation_fraction_std":	0.0044748,
"pj_over_1_minus_q_avg":	0.614793,
"pj_over_1_minus_q_std":	0.011187,
"occupation_fraction_std_history":	[0.00533553,0.00479876,0.00432338,0.00409606,0.00431069,0.0042978,0.00425295,0.00430951,0.00426906,0.00428474,0.00442059,0.00445364,0.00448425,0.00440076,0.00433748,0.00435554,0.00434615,0.00432921,0.00430912,0.00426346,0.00429758,0.00425329,0.00435032,0.00445076,0.00450401,0.00447105,0.0044748,]
}
