{
"dep_polymers":	"Linear trimers",
"occupation_fraction_average":	0.594651,
"occupation_fraction_std":	0.00573278,
"pj_over_1_minus_q_avg":	0.743314,
"pj_over_1_minus_q_std":	0.00716598,
"occupation_fraction_std_history":	[0.00589609,0.00586117,0.00582028,0.00573844,0.00573278,]
}
