{
"dep_polymers":	"Linear trimers",
"occupation_fraction_average":	0.347068,
"occupation_fraction_std":	0.00312487,
"pj_over_1_minus_q_avg":	0.694136,
"pj_over_1_minus_q_std":	0.00624973,
"occupation_fraction_std_history":	[0.00291392,0.00314154,0.00331449,0.00314626,0.00301085,0.00293824,0.00287037,0.00297562,0.00300407,0.0029642,0.00307111,0.00303301,0.00302534,0.00301589,0.00301267,0.00303969,0.00305392,0.0031168,0.00308612,0.00312498,0.00312487,]
}
