{
"dep_polymers":	"Linear trimers",
"occupation_fraction_average":	0.501105,
"occupation_fraction_std":	0.00146587,
"pj_over_1_minus_q_avg":	0.715865,
"pj_over_1_minus_q_std":	0.00209409,
"occupation_fraction_std_history":	[0.00150535,0.0014932,0.00155717,0.00153398,0.00151915,0.00152642,0.00150604,0.00149443,0.00148052,0.00147131,0.00146291,0.00146136,0.0014692,0.00146658,0.00146177,0.00146529,0.00146587,]
}
