{
"dep_polymers":	"Trimers",
"occupation_fraction_average":	0.376005,
"occupation_fraction_std":	0.00461175,
"pj_over_1_minus_q_avg":	0.75201,
"pj_over_1_minus_q_std":	0.00922349,
"occupation_fraction_std_history":	[0.00420015,0.00432994,0.00453088,0.00451966,0.00451326,0.00445804,0.00466294,0.00463576,0.00459916,0.00461231,0.00459667,0.00468719,0.00469975,0.00467472,0.00465697,0.00464451,0.00462119,0.00459551,0.00462043,0.00465449,0.00464658,0.00462892,0.00464648,0.00463742,0.0046296,0.00462045,0.00461173,0.00461175,]
}
