{
"dep_polymers":	"Linear trimers",
"occupation_fraction_average":	0.685595,
"occupation_fraction_std":	0.00601573,
"pj_over_1_minus_q_avg":	0.761772,
"pj_over_1_minus_q_std":	0.00668415,
"occupation_fraction_std_history":	[0.00631236,0.00612957,0.00604466,0.00600645,0.0060074,0.00602452,0.00603785,0.0060347,0.00603578,0.0060139,0.00602539,0.00604456,0.00603639,0.00603381,0.0060314,0.00601093,0.00600196,0.00599826,0.00600276,0.00600214,0.00600227,0.00600431,0.00600458,0.0060073,0.00600882,0.00600709,0.00600481,0.00601205,0.00601729,0.00601611,0.00601248,0.00601536,0.00601841,0.00601567,0.0060156,0.00601454,0.00601153,0.0060195,0.00601559,0.0060146,0.00601566,0.00601902,0.00601292,0.00601266,0.00601419,0.0060112,0.00601776,0.00601877,0.006017,0.00601327,0.00601122,0.00601573,0.00601573,]
}
