{
"dep_polymers":	"Dimers",
"occupation_fraction_average":	0.155112,
"occupation_fraction_std":	0.00140184,
"pj_over_1_minus_q_avg":	0.775559,
"pj_over_1_minus_q_std":	0.00700922,
"occupation_fraction_std_history":	[0.00173644,0.0015565,0.00148431,0.00147449,0.00148118,0.00152873,0.00156932,0.00156313,0.00153939,0.00151833,0.00149495,0.0015127,0.00150839,0.00149845,0.00149376,0.00147889,0.00147363,0.00146866,0.00145768,0.00145069,0.00144161,0.00143363,0.00142185,0.00141661,0.00141143,0.00140582,0.0014008,0.00140373,0.0014009,0.0014031,0.00140184,]
}
