{
"dep_polymers":	"Dimers",
"occupation_fraction_average":	0.58498,
"occupation_fraction_std":	0.000602141,
"pj_over_1_minus_q_avg":	0.835685,
"pj_over_1_minus_q_std":	0.000860202,
"occupation_fraction_std_history":	[0.000611636,0.000605167,0.000602738,0.000602141,]
}
