{
"dep_polymers":	"Squared",
"occupation_fraction_average":	0.74791,
"occupation_fraction_std":	0.00184167,
"pj_over_1_minus_q_avg":	0.74791,
"pj_over_1_minus_q_std":	0.00184167,
"occupation_fraction_std_history":	[0.00178446,0.00180796,0.00181023,0.00179368,0.0018005,0.00179791,0.00180479,0.00183091,0.00183366,0.00183558,0.00184162,0.00184167,]
}
