{
"dep_polymers":	"Dimers",
"occupation_fraction_average":	0.327354,
"occupation_fraction_std":	0.000642609,
"pj_over_1_minus_q_avg":	0.818386,
"pj_over_1_minus_q_std":	0.00160652,
"occupation_fraction_std_history":	[0.000632467,0.00064048,0.000637005,0.000638969,0.000640022,0.000638744,0.000636577,0.000641585,0.000642748,0.000642609,]
}
