{
"dep_polymers":	"Linear trimers",
"occupation_fraction_average":	0.107948,
"occupation_fraction_std":	0.00463827,
"pj_over_1_minus_q_avg":	0.539742,
"pj_over_1_minus_q_std":	0.0231914,
"occupation_fraction_std_history":	[0.00331742,0.00472642,0.00437542,0.00402853,0.00382111,0.00387758,0.00423369,0.00415436,0.00462414,0.00457332,0.00448826,0.00450856,0.00465635,0.00461792,0.00468716,0.00484407,0.00497975,0.00490678,0.00483623,0.00477978,0.00472219,0.00469961,0.00463722,0.00463827,]
}
