{
"dep_polymers":	"Squared",
"occupation_fraction_average":	0.399034,
"occupation_fraction_std":	0.00222809,
"pj_over_1_minus_q_avg":	0.665056,
"pj_over_1_minus_q_std":	0.00371349,
"occupation_fraction_std_history":	[0.0022885,0.00226088,0.00224112,0.00224898,0.00228571,0.00227419,0.0022524,0.00222651,0.00222809,]
}
