{
"dep_polymers":	"Squared",
"occupation_fraction_average":	0.444331,
"occupation_fraction_std":	0.00366232,
"pj_over_1_minus_q_avg":	0.634758,
"pj_over_1_minus_q_std":	0.00523189,
"occupation_fraction_std_history":	[0.00357566,0.00367472,0.00360867,0.00364148,0.00372201,0.00368346,0.00372999,0.00371306,0.00366501,0.00365207,0.00370234,0.00365281,0.00363054,0.00367395,0.00371491,0.00368697,0.00366446,0.00366232,]
}
