{
"dep_polymers":	"Dimers",
"occupation_fraction_average":	0.0716254,
"occupation_fraction_std":	0.00202401,
"pj_over_1_minus_q_avg":	0.716254,
"pj_over_1_minus_q_std":	0.0202401,
"occupation_fraction_std_history":	[0.00160369,0.00167294,0.00181734,0.00178649,0.00183814,0.00179777,0.00175966,0.00172142,0.00170498,0.00188407,0.00186956,0.00191576,0.00193945,0.00195372,0.00193594,0.00201494,0.00205998,0.00204219,0.0020244,0.00200925,0.00202334,0.00202401,]
}
