{
"dep_polymers":	"Trimers",
"occupation_fraction_average":	0.760512,
"occupation_fraction_std":	0.000174797,
"pj_over_1_minus_q_avg":	0.800539,
"pj_over_1_minus_q_std":	0.000183997,
"occupation_fraction_std_history":	[0.000174509,0.000175217,0.000174956,0.000174797,]
}
