{
"dep_polymers":	"Trimers",
"occupation_fraction_average":	97.2521,
"occupation_fraction_std":	4.43436,
"pj_over_1_minus_q_avg":	194.504,
"pj_over_1_minus_q_std":	8.86872,
"occupation_fraction_std_history":	[4.48999,4.25323,3.97995,3.78286,3.59199,3.35261,3.20255,3.11408,3.02141,2.8931,2.9706,2.89655,3.17087,3.12475,3.17389,3.29296,3.23476,3.21386,3.21827,3.27756,3.40228,3.50155,3.45788,3.54083,3.4989,3.46776,3.49998,3.46348,3.49955,3.53435,3.51971,3.49857,3.52634,3.57082,3.54032,3.54256,3.59349,3.68487,3.66806,3.71295,3.70605,3.72208,3.71026,3.69885,3.70144,3.70217,3.715,3.82081,3.80507,3.84292,3.90889,3.91511,3.91862,3.8953,3.90829,3.93246,3.91129,3.93642,3.94471,3.93796,3.96365,4.04354,4.0507,4.02911,4.02684,4.01748,4.00784,4.06404,4.04409,4.0566,4.04355,4.02139,4.03574,4.01446,3.9972,3.97679,3.97101,3.97552,4.00494,4.00513,4.0075,4.01333,4.0056,4.01677,4.05895,4.05843,4.08277,4.08861,4.09939,4.11402,4.11834,4.11749,4.12194,4.18132,4.18344,4.19743,4.21211,4.20847,4.20186,4.22766,4.2317,4.24499,4.28371,4.28007,4.28044,4.28272,4.29748,4.28965,4.28013,4.28737,4.28045,4.29908,4.30007,4.30655,4.30409,4.30623,4.3182,4.3346,4.33071,4.32331,4.32698,4.31574,4.32558,4.31776,4.33438,4.32244,4.32451,4.3263,4.33726,4.33312,4.32203,4.33001,4.32221,4.32072,4.33237,4.32781,4.32328,4.33359,4.33228,4.33925,4.34667,4.34463,4.36571,4.36678,4.3588,4.35368,4.34924,4.35357,4.35746,4.3502,4.34851,4.34956,4.35351,4.34371,4.3341,4.34335,4.34442,4.34544,4.33339,4.34482,4.35863,4.35691,4.3502,4.35094,4.34171,4.34511,4.34592,4.33442,4.36175,4.36682,4.36044,4.37091,4.36438,4.3788,4.37273,4.36864,4.37355,4.37398,4.37169,4.37607,4.37641,4.36994,4.37185,4.3716,4.37057,4.37158,4.3864,4.39319,4.40344,4.40648,4.41388,4.41926,4.41142,4.40795,4.40828,4.42215,4.41855,4.41267,4.40676,4.40088,4.40161,4.4045,4.40084,4.40515,4.39784,4.39264,4.38938,4.39402,4.3866,4.38149,4.37619,4.38421,4.38666,4.39316,4.3859,4.39601,4.39103,4.4031,4.39987,4.40224,4.3953,4.39214,4.39619,4.40208,4.40089,4.40506,4.40367,4.40421,4.40288,4.41032,4.41418,4.41284,4.41487,4.4153,4.42099,4.41268,4.40616,4.41169,4.40353,4.40055,4.40266,4.40309,4.40012,4.39214,4.39256,4.38798,4.38669,4.38384,4.3891,4.38448,4.38006,4.38364,4.3873,4.38594,4.39406,4.38805,4.38498,4.38057,4.39666,4.40182,4.39427,4.42026,4.41409,4.41439,4.41152,4.41724,4.42273,4.42995,4.42394,4.42466,4.42153,4.42609,4.42156,4.42989,4.42409,4.42969,4.42951,4.42555,4.42797,4.42082,4.41929,4.42931,4.43026,4.42761,4.43685,4.4342,4.43439,4.43436,]
}
