{
"dep_polymers":	"Linear trimers",
"occupation_fraction_average":	0.0573732,
"occupation_fraction_std":	0.00381554,
"pj_over_1_minus_q_avg":	0.573732,
"pj_over_1_minus_q_std":	0.0381554,
"occupation_fraction_std_history":	[0.002906,0.00292778,0.00336343,0.0035901,0.0039161,0.00398507,0.00384415,0.00371275,0.00381611,0.00381554,]
}
