{
"dep_polymers":	"Linear trimers",
"occupation_fraction_average":	0.0588426,
"occupation_fraction_std":	0.00395544,
"pj_over_1_minus_q_avg":	0.588426,
"pj_over_1_minus_q_std":	0.0395544,
"occupation_fraction_std_history":	[0.00197838,0.00300956,0.00297761,0.00332578,0.00352568,0.00344983,0.00341163,0.0033263,0.00338851,0.00337567,0.00333635,0.00328684,0.00352486,0.00362217,0.00367935,0.00389481,0.00397416,0.00399663,0.00395418,0.00388972,0.00384072,0.00381409,0.00377515,0.00379854,0.00390348,0.00387996,0.00395361,0.00396705,0.00399539,0.00395677,0.00395544,]
}
