{
"dep_polymers":	"Linear trimers",
"occupation_fraction_average":	0.100171,
"occupation_fraction_std":	0.000573207,
"pj_over_1_minus_q_avg":	0.500855,
"pj_over_1_minus_q_std":	0.00286604,
"occupation_fraction_std_history":	[0.000582297,0.000584088,0.00057279,0.000573207,]
}
