{
"dep_polymers":	"Linear trimers",
"occupation_fraction_average":	0.687652,
"occupation_fraction_std":	0.000759349,
"pj_over_1_minus_q_avg":	0.764058,
"pj_over_1_minus_q_std":	0.000843721,
"occupation_fraction_std_history":	[0.000747634,0.000751212,0.000740569,0.000747491,0.000746611,0.000751787,0.000754359,0.000758895,0.000760715,0.000759311,0.000759349,]
}
