{
"dep_polymers":	"Squared",
"occupation_fraction_average":	0.381913,
"occupation_fraction_std":	0.00221505,
"pj_over_1_minus_q_avg":	0.636522,
"pj_over_1_minus_q_std":	0.00369175,
"occupation_fraction_std_history":	[0.00199647,0.00204766,0.00202043,0.00208183,0.00218607,0.00227785,0.00229447,0.00227324,0.00223344,0.002226,0.00223544,0.00225263,0.00224525,0.00222554,0.00220194,0.00221724,0.00221505,]
}
