{
"dep_polymers":	"Dimers",
"occupation_fraction_average":	0.759953,
"occupation_fraction_std":	0.00226648,
"pj_over_1_minus_q_avg":	0.844392,
"pj_over_1_minus_q_std":	0.00251831,
"occupation_fraction_std_history":	[0.00226326,0.0022971,0.00231314,0.00229102,0.0022785,0.00228659,0.00229185,0.00229903,0.00229464,0.00229436,0.002288,0.00228676,0.0022828,0.00228306,0.00228013,0.00227671,0.0022732,0.00227185,0.00226956,0.00226837,0.00227033,0.00226948,0.00227026,0.00227071,0.00226988,0.00227056,0.00226742,0.00226646,0.00226648,]
}
