{
"dep_polymers":	"Dimers",
"occupation_fraction_average":	0.803409,
"occupation_fraction_std":	0.00230092,
"pj_over_1_minus_q_avg":	0.845694,
"pj_over_1_minus_q_std":	0.00242202,
"occupation_fraction_std_history":	[0.00228203,0.0023114,0.00230259,0.00230108,0.002287,0.00228084,0.00228217,0.00229004,0.00228464,0.00228688,0.00228761,0.00228866,0.00228995,0.00229491,0.00229161,0.00229118,0.00229082,0.00229099,0.00229093,0.00228934,0.00229199,0.00229121,0.00229181,0.002293,0.00229172,0.00229372,0.00229334,0.00229352,0.00229183,0.00229281,0.00229437,0.00229561,0.00229637,0.00229606,0.0022971,0.00229902,0.00229927,0.00229893,0.00230077,0.00229884,0.00229823,0.00229874,0.00230031,0.0022995,0.00229945,0.00229801,0.00230027,0.00229947,0.00229983,0.00230026,0.00229915,0.00229983,0.00230098,0.00230091,0.00230092,]
}
