{
"dep_polymers":	"Trimers",
"occupation_fraction_average":	0.0542348,
"occupation_fraction_std":	0.00079314,
"pj_over_1_minus_q_avg":	0.542348,
"pj_over_1_minus_q_std":	0.0079314,
"occupation_fraction_std_history":	[0.000710904,0.000703845,0.000754318,0.000763201,0.000799736,0.000793915,0.00079314,]
}
