{
"dep_polymers":	"Squared",
"occupation_fraction_average":	0.551985,
"occupation_fraction_std":	0.000564258,
"pj_over_1_minus_q_avg":	0.689981,
"pj_over_1_minus_q_std":	0.000705322,
"occupation_fraction_std_history":	[0.000521625,0.000540558,0.000549771,0.000553055,0.000560313,0.000563206,0.000564521,0.000564258,]
}
