{
"dep_polymers":	"Trimers",
"occupation_fraction_average":	0.627117,
"occupation_fraction_std":	0.00256323,
"pj_over_1_minus_q_avg":	0.783896,
"pj_over_1_minus_q_std":	0.00320404,
"occupation_fraction_std_history":	[0.0025914,0.00260676,0.00256325,0.00256323,]
}
