{
"dep_polymers":	"Squared",
"occupation_fraction_average":	0.161664,
"occupation_fraction_std":	0.00566913,
"pj_over_1_minus_q_avg":	0.538881,
"pj_over_1_minus_q_std":	0.0188971,
"occupation_fraction_std_history":	[0.00489117,0.00491717,0.00487354,0.00577863,0.00552884,0.00533114,0.00515771,0.00510889,0.00530022,0.00534275,0.0054898,0.00540953,0.00547129,0.00549008,0.00570825,0.00566867,0.00566913,]
}
