{
"dep_polymers":	"Trimers",
"occupation_fraction_average":	0.537707,
"occupation_fraction_std":	0.000319667,
"pj_over_1_minus_q_avg":	0.768152,
"pj_over_1_minus_q_std":	0.000456668,
"occupation_fraction_std_history":	[0.000321086,0.000321728,0.000319913,0.000319667,]
}
