{
"dep_polymers":	"Dimers",
"occupation_fraction_average":	0.150882,
"occupation_fraction_std":	0.00269679,
"pj_over_1_minus_q_avg":	0.75441,
"pj_over_1_minus_q_std":	0.013484,
"occupation_fraction_std_history":	[0.00212802,0.00244183,0.00241969,0.00237665,0.00239945,0.00285659,0.00286409,0.00284155,0.00280345,0.00275282,0.00270431,0.00269371,0.00274876,0.00274384,0.0027211,0.00271804,0.00269473,0.00269679,]
}
