{
"dep_polymers":	"Linear trimers",
"occupation_fraction_average":	0.605113,
"occupation_fraction_std":	0.000624182,
"pj_over_1_minus_q_avg":	0.756391,
"pj_over_1_minus_q_std":	0.000780228,
"occupation_fraction_std_history":	[0.000607277,0.000615396,0.000608963,0.000609584,0.000612846,0.000612711,0.000618163,0.000623963,0.000623733,0.000624375,0.000622157,0.000622614,0.000622405,0.000625339,0.000626874,0.000626127,0.000626168,0.000625193,0.000627384,0.000627566,0.000627941,0.000627835,0.000627127,0.000627076,0.000627062,0.000627842,0.000626906,0.000625991,0.000627513,0.000626968,0.000626615,0.00062722,0.000627379,0.00062696,0.000626673,0.000626,0.000625834,0.00062545,0.000625428,0.000625589,0.000625152,0.000624761,0.000625079,0.00062468,0.000624717,0.000624593,0.000623917,0.000624133,0.000624232,0.000624015,0.000623386,0.00062307,0.000623359,0.000623303,0.000623753,0.00062422,0.000624391,0.000624131,0.000624245,0.000624405,0.000624508,0.000624029,0.000623925,0.000623631,0.000623971,0.000624453,0.000623999,0.000624069,0.000624181,0.000623958,0.000624139,0.000624559,0.000624443,0.000624259,0.000623751,0.000623505,0.000623498,0.000623581,0.000623366,0.000623519,0.000623709,0.000623749,0.000623832,0.000624207,0.000624118,0.000623983,0.000623893,0.000623902,0.000623934,0.000623771,0.000623888,0.000623915,0.000624366,0.000624345,0.000624446,0.000624435,0.000624196,0.000624289,0.000624224,0.000623999,0.000624096,0.00062416,0.000623959,0.000623805,0.000623657,0.00062379,0.000623561,0.000623634,0.000623728,0.000624012,0.000623931,0.000624338,0.000624557,0.00062437,0.000624654,0.000624466,0.000624527,0.000624413,0.000624549,0.000624654,0.000624753,0.000624677,0.000624901,0.000624937,0.00062463,0.000624787,0.000624689,0.00062464,0.000624585,0.000624817,0.000624713,0.000624649,0.000624573,0.000624664,0.000624797,0.00062467,0.000624753,0.00062474,0.000624834,0.000624874,0.000624775,0.000624759,0.000624451,0.000624238,0.000624326,0.000624342,0.000624183,0.000624182,]
}
