{
"dep_polymers":	"Squared",
"occupation_fraction_average":	0.694595,
"occupation_fraction_std":	0.000480033,
"pj_over_1_minus_q_avg":	0.731152,
"pj_over_1_minus_q_std":	0.000505298,
"occupation_fraction_std_history":	[0.000484781,0.000487074,0.000488654,0.000491109,0.00048929,0.000488948,0.000485622,0.000484954,0.00048444,0.000482853,0.000484099,0.000483297,0.000483545,0.000482975,0.000482729,0.000481507,0.000481022,0.000479819,0.000479403,0.000480036,0.000480331,0.000479207,0.000479031,0.0004792,0.000479614,0.000480115,0.000479646,0.000479694,0.000480386,0.000480613,0.000480668,0.000480789,0.000480603,0.000481032,0.000481164,0.000481068,0.000481337,0.000481018,0.000480892,0.000480935,0.000480837,0.000480593,0.000480385,0.00047998,0.000479872,0.00047999,0.000479758,0.000479765,0.000479556,0.000479457,0.000479617,0.000479546,0.000479577,0.000479559,0.000479963,0.000479911,0.000479955,0.00048015,0.000480038,0.000480033,]
}
