{
"dep_polymers":	"Squared",
"occupation_fraction_average":	0.443609,
"occupation_fraction_std":	0.000451294,
"pj_over_1_minus_q_avg":	0.633727,
"pj_over_1_minus_q_std":	0.000644706,
"occupation_fraction_std_history":	[0.000437895,0.000451542,0.000451294,]
}
