{
"dep_polymers":	"Linear trimers",
"occupation_fraction_average":	0.180113,
"occupation_fraction_std":	0.000665395,
"pj_over_1_minus_q_avg":	0.600377,
"pj_over_1_minus_q_std":	0.00221798,
"occupation_fraction_std_history":	[0.000676174,0.00066122,0.0006542,0.000656924,0.000662389,0.000658377,0.000662144,0.000663351,0.000665823,0.000665395,]
}
