{
"dep_polymers":	"Squared",
"occupation_fraction_average":	0.0755347,
"occupation_fraction_std":	0.002698,
"pj_over_1_minus_q_avg":	0.377674,
"pj_over_1_minus_q_std":	0.01349,
"occupation_fraction_std_history":	[0.00225873,0.0028179,0.00277374,0.00277879,0.0026988,0.00262102,0.00267522,0.00275569,0.00269654,0.00277737,0.00273887,0.00272114,0.00269976,0.002698,]
}
