{
"dep_polymers":	"Linear trimers",
"occupation_fraction_average":	0.0395418,
"occupation_fraction_std":	0.0035549,
"pj_over_1_minus_q_avg":	0.395418,
"pj_over_1_minus_q_std":	0.035549,
"occupation_fraction_std_history":	[0.00242096,0.00293195,0.00343607,0.00333955,0.00310316,0.00301267,0.00304938,0.00295904,0.00302065,0.00301399,0.00334247,0.00335456,0.00355151,0.00379964,0.00384133,0.0037938,0.00371633,0.00364956,0.0036322,0.00360563,0.00354083,0.00347974,0.00346425,0.00341685,0.00343227,0.00350673,0.00348725,0.00348093,0.00350095,0.00350671,0.00355162,0.0035549,]
}
