{
"dep_polymers":	"Squared",
"occupation_fraction_average":	0.747927,
"occupation_fraction_std":	0.000915608,
"pj_over_1_minus_q_avg":	0.747927,
"pj_over_1_minus_q_std":	0.000915608,
"occupation_fraction_std_history":	[0.000919595,0.000924894,0.000922646,0.000917529,0.000914798,0.000915608,]
}
