{
"dep_polymers":	"Squared",
"occupation_fraction_average":	0.0279824,
"occupation_fraction_std":	0.00190168,
"pj_over_1_minus_q_avg":	0.279824,
"pj_over_1_minus_q_std":	0.0190168,
"occupation_fraction_std_history":	[0.00176487,0.00144046,0.00160569,0.00172554,0.00168504,0.00173029,0.00175376,0.00195255,0.00201867,0.0019699,0.00194956,0.00194327,0.00190581,0.00187761,0.0018675,0.00185639,0.00188458,0.00185853,0.0018923,0.00188829,0.00187708,0.00195214,0.00193664,0.00192479,0.00190389,0.00190076,0.00190168,]
}
