{
"dep_polymers":	"Squared",
"occupation_fraction_average":	0.652185,
"occupation_fraction_std":	0.000627393,
"pj_over_1_minus_q_avg":	0.72465,
"pj_over_1_minus_q_std":	0.000697104,
"occupation_fraction_std_history":	[0.00067436,0.000641259,0.000625787,0.000603756,0.0006134,0.000609543,0.000614846,0.000611845,0.000613384,0.000614994,0.000611839,0.00061497,0.00061752,0.000620361,0.000619627,0.000620839,0.000626783,0.000627393,]
}
