{
"dep_polymers":	"Linear trimers",
"occupation_fraction_average":	0.690609,
"occupation_fraction_std":	0.00600968,
"pj_over_1_minus_q_avg":	0.767344,
"pj_over_1_minus_q_std":	0.00667742,
"occupation_fraction_std_history":	[0.00596862,0.00605648,0.00609802,0.00608904,0.00603044,0.0060106,0.00602146,0.0060419,0.00605153,0.00603105,0.00603782,0.00602954,0.00602073,0.00602557,0.0060131,0.00600643,0.00601374,0.00600964,0.00600968,]
}
