{
"dep_polymers":	"Trimers",
"occupation_fraction_average":	0.759734,
"occupation_fraction_std":	0.000332785,
"pj_over_1_minus_q_avg":	0.79972,
"pj_over_1_minus_q_std":	0.0003503,
"occupation_fraction_std_history":	[0.000324045,0.000330736,0.000331392,0.000334558,0.000334889,0.000335473,0.000334259,0.000333173,0.000334274,0.000334303,0.000333709,0.000333295,0.000333156,0.000332968,0.000333328,0.000333145,0.000332763,0.00033236,0.00033227,0.000332834,0.000332369,0.000332261,0.000332542,0.000332182,0.000332353,0.00033257,0.000332691,0.00033279,0.000333029,0.000333222,0.000332914,0.000332686,0.00033267,0.000332607,0.000332786,0.000332785,]
}
