{
"dep_polymers":	"Linear trimers",
"occupation_fraction_average":	0.691053,
"occupation_fraction_std":	0.000488294,
"pj_over_1_minus_q_avg":	0.767837,
"pj_over_1_minus_q_std":	0.000542549,
"occupation_fraction_std_history":	[0.000459899,0.000481606,0.000463686,0.000468826,0.000480514,0.000482221,0.000485532,0.000490115,0.00049148,0.00049049,0.000489174,0.0004877,0.000490042,0.00048952,0.000490623,0.000488324,0.000488294,]
}
