{
"dep_polymers":	"Squared",
"occupation_fraction_average":	0.0492767,
"occupation_fraction_std":	0.00435965,
"pj_over_1_minus_q_avg":	0.492767,
"pj_over_1_minus_q_std":	0.0435965,
"occupation_fraction_std_history":	[0.00422657,0.0039961,0.00394414,0.00461258,0.0044314,0.00420882,0.00408995,0.00411555,0.00474126,0.00481348,0.00469592,0.00460049,0.00450175,0.0044788,0.00439968,0.00435229,0.00435969,0.00439494,0.00435945,0.00435965,]
}
