{
"dep_polymers":	"Dimers",
"occupation_fraction_average":	0.848794,
"occupation_fraction_std":	0.0023599,
"pj_over_1_minus_q_avg":	0.848794,
"pj_over_1_minus_q_std":	0.0023599,
"occupation_fraction_std_history":	[0.00238118,0.00239417,0.00237376,0.00236624,0.00235815,0.0023599,]
}
