{
"dep_polymers":	"Trimers",
"occupation_fraction_average":	0.759969,
"occupation_fraction_std":	0.00536029,
"pj_over_1_minus_q_avg":	0.799967,
"pj_over_1_minus_q_std":	0.00564241,
"occupation_fraction_std_history":	[0.00532429,0.00541107,0.00545287,0.00538774,0.00535688,0.00535068,0.00538612,0.00539352,0.00540001,0.00538817,0.00538218,0.00535566,0.00534851,0.00537655,0.0053653,0.00535963,0.00536031,0.00536029,]
}
