{
"dep_polymers":	"Trimers",
"occupation_fraction_average":	0.208272,
"occupation_fraction_std":	0.00446928,
"pj_over_1_minus_q_avg":	0.69424,
"pj_over_1_minus_q_std":	0.0148976,
"occupation_fraction_std_history":	[0.00361366,0.00460102,0.00445953,0.00439417,0.00438084,0.00453575,0.00443457,0.00432387,0.0042957,0.00422915,0.00419654,0.00417378,0.00419926,0.00421106,0.00420359,0.00425325,0.00435671,0.00432523,0.00433769,0.00436275,0.00445798,0.00444101,0.00446568,0.00450853,0.00448042,0.00444943,0.00443469,0.00446699,0.00446928,]
}
