{
"dep_polymers":	"Squared",
"occupation_fraction_average":	0.229971,
"occupation_fraction_std":	0.00219931,
"pj_over_1_minus_q_avg":	0.574928,
"pj_over_1_minus_q_std":	0.00549828,
"occupation_fraction_std_history":	[0.00227993,0.00235817,0.00228727,0.00223121,0.00228151,0.00226576,0.00228069,0.00228626,0.00225918,0.00224939,0.00224596,0.00223753,0.0022199,0.00221584,0.00220735,0.00223251,0.00222817,0.00222557,0.00220976,0.0022033,0.0021974,0.00219931,]
}
