{
"dep_polymers":	"Dimers",
"occupation_fraction_average":	0.671974,
"occupation_fraction_std":	0.00428058,
"pj_over_1_minus_q_avg":	0.839967,
"pj_over_1_minus_q_std":	0.00535072,
"occupation_fraction_std_history":	[0.0042971,0.00439676,0.00425919,0.00427885,0.00428058,]
}
