{
"dep_polymers":	"Dimers",
"occupation_fraction_average":	0.671679,
"occupation_fraction_std":	0.00435559,
"pj_over_1_minus_q_avg":	0.839599,
"pj_over_1_minus_q_std":	0.00544449,
"occupation_fraction_std_history":	[0.00395831,0.00415495,0.00430329,0.00437122,0.00435418,0.00435559,]
}
