{
"dep_polymers":	"Squared",
"occupation_fraction_average":	0.202452,
"occupation_fraction_std":	0.00658333,
"pj_over_1_minus_q_avg":	0.506129,
"pj_over_1_minus_q_std":	0.0164583,
"occupation_fraction_std_history":	[0.00493508,0.00585188,0.00574835,0.00563826,0.00690355,0.00793116,0.00765123,0.00734667,0.00745456,0.0073099,0.00735711,0.00738169,0.00720107,0.00703606,0.00688075,0.0068994,0.00691073,0.00690327,0.00677858,0.00670832,0.00665116,0.00662576,0.0067065,0.00667399,0.00660886,0.00664426,0.00657847,0.00658333,]
}
