{ 
"defperc_count":	14319,
"defperc_avg":	0.998814,
"atmperc_count":	3734,
"atmperc_avg":	0.260463
}
