{
"dep_polymers":	"Linear trimers",
"occupation_fraction_average":	0.248295,
"occupation_fraction_std":	0.005415,
"pj_over_1_minus_q_avg":	0.620737,
"pj_over_1_minus_q_std":	0.0135375,
"occupation_fraction_std_history":	[0.00463292,0.00457356,0.00459331,0.00477392,0.00486277,0.00524483,0.00516562,0.00561856,0.00554673,0.00547896,0.00546681,0.00553912,0.00544753,0.00541169,0.005415,]
}
