{
"dep_polymers":	"Trimers",
"occupation_fraction_average":	0.380631,
"occupation_fraction_std":	0.00504099,
"pj_over_1_minus_q_avg":	0.761261,
"pj_over_1_minus_q_std":	0.010082,
"occupation_fraction_std_history":	[0.00470504,0.00509963,0.00490701,0.00493785,0.00501314,0.00504984,0.00506397,0.0050712,0.00506018,0.00504774,0.0050377,0.00504099,]
}
