{
"dep_polymers":	"Squared",
"occupation_fraction_average":	0.0280131,
"occupation_fraction_std":	0.00369198,
"pj_over_1_minus_q_avg":	0.280131,
"pj_over_1_minus_q_std":	0.0369198,
"occupation_fraction_std_history":	[0.00324221,0.00333474,0.00397238,0.00374734,0.00365696,0.00398229,0.00385822,0.00374797,0.00374185,0.00384876,0.00376973,0.00370113,0.00359982,0.00371526,0.0037053,0.00371266,0.00401985,0.00400476,0.00398985,0.0039953,0.00396326,0.0039015,0.00383096,0.0039864,0.00393775,0.00389467,0.00383723,0.00380265,0.00376651,0.00373709,0.00385275,0.00389314,0.00386224,0.00389626,0.00387767,0.00384521,0.00380358,0.00376512,0.00372893,0.0036987,0.00369037,0.00369198,]
}
