{
"dep_polymers":	"Squared",
"occupation_fraction_average":	0.394938,
"occupation_fraction_std":	0.00778349,
"pj_over_1_minus_q_avg":	0.65823,
"pj_over_1_minus_q_std":	0.0129725,
"occupation_fraction_std_history":	[0.00939036,0.00848186,0.00842773,0.00815189,0.00806682,0.00782462,0.00768483,0.00778834,0.00778349,]
}
