{
"dep_polymers":	"Linear trimers",
"occupation_fraction_average":	0.347273,
"occupation_fraction_std":	0.00597812,
"pj_over_1_minus_q_avg":	0.694545,
"pj_over_1_minus_q_std":	0.0119562,
"occupation_fraction_std_history":	[0.00477333,0.00623328,0.00586361,0.00560652,0.00559637,0.00573611,0.00571101,0.00587522,0.00612289,0.00602699,0.00596143,0.00588677,0.00595081,0.00609694,0.00614949,0.00627744,0.00622475,0.0061733,0.00613868,0.00615897,0.00616611,0.00621563,0.00618099,0.0061467,0.00610881,0.00613357,0.00608165,0.00605167,0.00606906,0.00611586,0.00609002,0.00606002,0.00602927,0.00600767,0.00597612,0.0059994,0.00598015,0.00597812,]
}
