{
"dep_polymers":	"Squared",
"occupation_fraction_average":	0.0857617,
"occupation_fraction_std":	0.001345,
"pj_over_1_minus_q_avg":	0.428809,
"pj_over_1_minus_q_std":	0.00672499,
"occupation_fraction_std_history":	[0.00134145,0.00134534,0.00131726,0.00133377,0.00138747,0.00137489,0.00139083,0.0014063,0.00141302,0.00140074,0.00138277,0.00137966,0.00136704,0.00136033,0.00135255,0.00135503,0.00135921,0.00135332,0.00134681,0.00135191,0.00135727,0.00134449,0.001345,]
}
