{
"dep_polymers":	"Dimers",
"occupation_fraction_average":	0.157046,
"occupation_fraction_std":	0.00245736,
"pj_over_1_minus_q_avg":	0.785231,
"pj_over_1_minus_q_std":	0.0122868,
"occupation_fraction_std_history":	[0.00257999,0.00249742,0.00239615,0.00243219,0.00242264,0.00245579,0.00245736,]
}
