{
"dep_polymers":	"Trimers",
"occupation_fraction_average":	0.454872,
"occupation_fraction_std":	0.00244414,
"pj_over_1_minus_q_avg":	0.75812,
"pj_over_1_minus_q_std":	0.00407356,
"occupation_fraction_std_history":	[0.00238377,0.00240408,0.0023819,0.00238647,0.00239337,0.00238162,0.00240481,0.00241871,0.0024017,0.00240584,0.0024202,0.0024272,0.00243005,0.00242663,0.00242938,0.00242562,0.00243969,0.0024465,0.00244414,]
}
