{
"dep_polymers":	"Squared",
"occupation_fraction_average":	0.397902,
"occupation_fraction_std":	0.00486846,
"pj_over_1_minus_q_avg":	0.66317,
"pj_over_1_minus_q_std":	0.0081141,
"occupation_fraction_std_history":	[0.00672413,0.00605943,0.00560003,0.00545807,0.00522938,0.00499817,0.00508212,0.0051666,0.00513871,0.00512034,0.00502592,0.00498238,0.00489758,0.00486634,0.00486846,]
}
