{
"dep_polymers":	"Linear trimers",
"occupation_fraction_average":	0.690837,
"occupation_fraction_std":	0.00309983,
"pj_over_1_minus_q_avg":	0.767596,
"pj_over_1_minus_q_std":	0.00344426,
"occupation_fraction_std_history":	[0.00324926,0.00322297,0.00320688,0.00316262,0.00314057,0.00313612,0.00312825,0.00315863,0.00317128,0.00315893,0.00314574,0.00314321,0.00313507,0.00312822,0.0031276,0.003121,0.00311394,0.00311204,0.0031133,0.00311524,0.00311999,0.00311931,0.00312299,0.00311821,0.00311658,0.0031187,0.00311678,0.00311923,0.00311411,0.00310876,0.003115,0.00311416,0.0031116,0.00310925,0.00310874,0.00311065,0.00311252,0.00311154,0.00310939,0.0031067,0.00310514,0.00310481,0.00310288,0.00309984,0.00309983,]
}
