{
"dep_polymers":	"Squared",
"occupation_fraction_average":	0.366931,
"occupation_fraction_std":	0.00802985,
"pj_over_1_minus_q_avg":	0.611552,
"pj_over_1_minus_q_std":	0.0133831,
"occupation_fraction_std_history":	[0.00623708,0.00879118,0.00802769,0.00802985,]
}
