{
"dep_polymers":	"Dimers",
"occupation_fraction_average":	0.760011,
"occupation_fraction_std":	0.000293652,
"pj_over_1_minus_q_avg":	0.844456,
"pj_over_1_minus_q_std":	0.00032628,
"occupation_fraction_std_history":	[0.000294343,0.000290606,0.000296866,0.000295919,0.000289332,0.000293648,0.000293652,]
}
