{
"dep_polymers":	"Trimers",
"occupation_fraction_average":	0.804209,
"occupation_fraction_std":	0.00067703,
"pj_over_1_minus_q_avg":	0.804209,
"pj_over_1_minus_q_std":	0.00067703,
"occupation_fraction_std_history":	[0.000663218,0.000677679,0.00067703,]
}
