{
"dep_polymers":	"Linear trimers",
"occupation_fraction_average":	0.501191,
"occupation_fraction_std":	0.00285761,
"pj_over_1_minus_q_avg":	0.715988,
"pj_over_1_minus_q_std":	0.0040823,
"occupation_fraction_std_history":	[0.00278955,0.00293509,0.00288664,0.0028999,0.00291382,0.0028818,0.00288973,0.0028759,0.00285792,0.00285761,]
}
