{
"dep_polymers":	"Linear trimers",
"occupation_fraction_average":	0.591123,
"occupation_fraction_std":	0.0029651,
"pj_over_1_minus_q_avg":	0.738904,
"pj_over_1_minus_q_std":	0.00370638,
"occupation_fraction_std_history":	[0.00290388,0.00296439,0.00298431,0.00298475,0.00298768,0.00298596,0.0029668,0.00296348,0.00297233,0.00297644,0.00298769,0.00298378,0.00298567,0.00297917,0.00296995,0.00296587,0.00296052,0.00295891,0.00295644,0.00296233,0.0029562,0.00295795,0.00295843,0.00295778,0.00295356,0.00295334,0.00295189,0.0029563,0.00296367,0.00296512,0.00296507,0.0029651,]
}
