{
"dep_polymers":	"Linear trimers",
"occupation_fraction_average":	0.599386,
"occupation_fraction_std":	0.00599283,
"pj_over_1_minus_q_avg":	0.749232,
"pj_over_1_minus_q_std":	0.00749104,
"occupation_fraction_std_history":	[0.00652387,0.0064155,0.00625987,0.00619582,0.00620873,0.00623298,0.00622665,0.00622903,0.00623592,0.00622622,0.0061968,0.0061926,0.00621157,0.00619072,0.00618,0.00616081,0.00615782,0.00614684,0.00614947,0.00613059,0.00614001,0.00612461,0.00610212,0.00609533,0.00610662,0.00609016,0.0060748,0.00607585,0.00606981,0.00605817,0.00604922,0.00605108,0.00605636,0.00605145,0.00604301,0.0060344,0.00602775,0.00602579,0.00602288,0.00601149,0.0060099,0.00600359,0.00600245,0.00600508,0.00599593,0.0060026,0.00599556,0.00599287,0.00599283,]
}
