{
"dep_polymers":	"Linear trimers",
"occupation_fraction_average":	0.594436,
"occupation_fraction_std":	0.00027942,
"pj_over_1_minus_q_avg":	0.743045,
"pj_over_1_minus_q_std":	0.000349276,
"occupation_fraction_std_history":	[0.000210652,0.000218966,0.000217663,0.000218462,0.000217765,0.000219354,0.000220117,0.000217365,0.000216925,0.000223115,0.000223385,0.000227105,0.00022958,0.000229977,0.000235531,0.00024067,0.00024155,0.000244227,0.000246125,0.000247923,0.000251944,0.000251527,0.000256602,0.000257437,0.000259322,0.000261753,0.000262677,0.000264721,0.000265887,0.000266564,0.000266838,0.000268622,0.000269764,0.000271206,0.000271861,0.00027482,0.000274006,0.000275667,0.00027707,0.00027679,0.00027848,0.000279352,0.00027942,]
}
