{
"dep_polymers":	"Squared",
"occupation_fraction_average":	0.201706,
"occupation_fraction_std":	0.000410504,
"pj_over_1_minus_q_avg":	0.504265,
"pj_over_1_minus_q_std":	0.00102626,
"occupation_fraction_std_history":	[0.000415346,0.000414664,0.000409973,0.000408983,0.000410178,0.000412168,0.000412615,0.000416015,0.000414952,0.000411895,0.000414035,0.000412767,0.000412211,0.0004102,0.000410504,]
}
