{
"dep_polymers":	"Trimers",
"occupation_fraction_average":	0.714253,
"occupation_fraction_std":	0.00265772,
"pj_over_1_minus_q_avg":	0.793614,
"pj_over_1_minus_q_std":	0.00295302,
"occupation_fraction_std_history":	[0.00262562,0.0026,0.00260222,0.00261342,0.00261076,0.00262122,0.00263163,0.00263383,0.00264058,0.00264607,0.0026608,0.00266319,0.00266126,0.00266241,0.00265961,0.00266303,0.00266393,0.00266605,0.0026672,0.00266247,0.00265837,0.00265769,0.00265772,]
}
