{
"dep_polymers":	"Squared",
"occupation_fraction_average":	0.690181,
"occupation_fraction_std":	0.00367514,
"pj_over_1_minus_q_avg":	0.726507,
"pj_over_1_minus_q_std":	0.00386857,
"occupation_fraction_std_history":	[0.00359897,0.00366856,0.00367391,0.0036705,0.00365884,0.00364714,0.00365795,0.00366469,0.00365856,0.00365232,0.00366044,0.00364815,0.00365502,0.00365654,0.00365962,0.00365591,0.00366206,0.0036593,0.00366446,0.00366439,0.00366562,0.00366349,0.00366054,0.00365967,0.00366159,0.00366228,0.00366352,0.00366712,0.00366511,0.00366889,0.00366928,0.00367278,0.00366834,0.00366545,0.00366534,0.00366547,0.00366824,0.00366941,0.00367056,0.00367129,0.0036735,0.00367213,0.00367039,0.00367155,0.00367109,0.00367207,0.00367403,0.0036719,0.00367256,0.00367146,0.00367424,0.00367286,0.00367395,0.00367408,0.00367606,0.00367494,0.0036756,0.0036758,0.0036756,0.00367331,0.00367388,0.0036717,0.00367238,0.00367197,0.00367188,0.00367283,0.0036715,0.00366965,0.0036724,0.00367178,0.0036721,0.00367239,0.00367277,0.00367273,0.0036749,0.00367363,0.00367368,0.00367381,0.00367427,0.00367523,0.00367514,0.00367514,]
}
