{
"dep_polymers":	"Squared",
"occupation_fraction_average":	0.543231,
"occupation_fraction_std":	0.000473346,
"pj_over_1_minus_q_avg":	0.679039,
"pj_over_1_minus_q_std":	0.000591682,
"occupation_fraction_std_history":	[0.000456147,0.000465215,0.000469325,0.000471538,0.000474784,0.000478195,0.000476317,0.000474979,0.00047359,0.000474607,0.000473415,0.0004721,0.000473626,0.000472934,0.000473346,]
}
