{
"dep_polymers":	"Dimers",
"occupation_fraction_average":	0.667769,
"occupation_fraction_std":	0.00109003,
"pj_over_1_minus_q_avg":	0.834712,
"pj_over_1_minus_q_std":	0.00136253,
"occupation_fraction_std_history":	[0.00110039,0.00110176,0.00111417,0.0011148,0.00111364,0.00110689,0.00110093,0.00109499,0.0010996,0.0010974,0.00109665,0.00109785,0.00109843,0.00109824,0.00109531,0.00109253,0.00109317,0.00109328,0.00109141,0.00109218,0.00109301,0.00109477,0.00109552,0.00109317,0.00109086,0.00109103,0.00109004,0.00109003,]
}
