{
"dep_polymers":	"Squared",
"occupation_fraction_average":	0.147831,
"occupation_fraction_std":	0.00586793,
"pj_over_1_minus_q_avg":	0.492769,
"pj_over_1_minus_q_std":	0.0195598,
"occupation_fraction_std_history":	[0.00448945,0.00615319,0.00591991,0.00579209,0.00547052,0.00587095,0.00623137,0.00610696,0.00588141,0.00584774,0.00579922,0.00592157,0.0058626,0.00575048,0.00576252,0.00572032,0.00572653,0.00567121,0.00559476,0.00552346,0.00594861,0.0059985,0.005981,0.00599068,0.00594737,0.00596126,0.00592089,0.00587373,0.00586793,]
}
