{
"dep_polymers":	"Trimers",
"occupation_fraction_average":	0.136832,
"occupation_fraction_std":	0.00362952,
"pj_over_1_minus_q_avg":	0.684158,
"pj_over_1_minus_q_std":	0.0181476,
"occupation_fraction_std_history":	[0.00318942,0.00323214,0.00317727,0.00311224,0.00307626,0.00311234,0.00309163,0.00319077,0.00332973,0.00353871,0.00350463,0.00359926,0.00376974,0.00372211,0.00373432,0.0037101,0.00366219,0.00363211,0.00367063,0.00363032,0.00362952,]
}
