{
"dep_polymers":	"Dimers",
"occupation_fraction_average":	0.668958,
"occupation_fraction_std":	0.00219,
"pj_over_1_minus_q_avg":	0.836197,
"pj_over_1_minus_q_std":	0.0027375,
"occupation_fraction_std_history":	[0.00217965,0.00219295,0.00222589,0.00221652,0.00220619,0.00217848,0.00216643,0.00217605,0.0021795,0.00218429,0.00218813,0.00220317,0.00219301,0.002198,0.00220229,0.00220461,0.00220979,0.00221213,0.00220905,0.00220249,0.00219915,0.00219546,0.00219227,0.00218974,0.00219,]
}
