{
"dep_polymers":	"Trimers",
"occupation_fraction_average":	0.537708,
"occupation_fraction_std":	0.000646673,
"pj_over_1_minus_q_avg":	0.768154,
"pj_over_1_minus_q_std":	0.000923819,
"occupation_fraction_std_history":	[0.000617555,0.000646273,0.000646673,]
}
