{
"dep_polymers":	"Trimers",
"occupation_fraction_average":	0.631984,
"occupation_fraction_std":	0.00139628,
"pj_over_1_minus_q_avg":	0.78998,
"pj_over_1_minus_q_std":	0.00174536,
"occupation_fraction_std_history":	[0.00146096,0.00142754,0.0014198,0.00141196,0.00140787,0.00139578,0.00138764,0.0013965,0.00139628,]
}
