{
"dep_polymers":	"Dimers",
"occupation_average":	175952,
"occupation_std":	717.495,
"occupation_fraction_average":	0.671206,
"occupation_fraction_std":	0.00273703,
"pj_over_1_minus_q_avg":	0.839007,
"pj_over_1_minus_q_std":	0.00342128,
"occupation_history":	[175988,176044,176048,176026,176254,176026,176008,176042,175918,176246,175802,175734,175848,176366,176074,175920,176068,175972,175818,175870,175828,175972,175774,176210,175854,175674,175898,175774,175894,175874,176016,175670,176042,176088,175710,175916,176204,175914,175932,175880,176008,175976,176064,175906,175890,176034,175864,175974,175682,175960,176010,175798,176032,175986,176092,175690,176108,175992,175670,176200,175812,175884,176042,175682,175968,175810,175766,176114,175956,175914,175908,176254,175838,176026,176102,175868,175934,175940,175952,176034,175964,175962,175878,176122,175902,176010,176072,176104,175772,175958,175942,175798,175942,175928,175900,176052,175742,176004,175880,175918,176090,176010,175828,175938,175816,175944,175960,176082,175944,176034,175870,175990,175968,175996,175966,175828,176170,175932,175870,175984,176156,176020,176050,176054,176070,176006,175744,175814,]
}
