{
"dep_polymers":	"Trimers",
"occupation_fraction_average":	0.0586686,
"occupation_fraction_std":	0.000731323,
"pj_over_1_minus_q_avg":	0.586686,
"pj_over_1_minus_q_std":	0.00731323,
"occupation_fraction_std_history":	[0.000707481,0.000720245,0.000736781,0.00073152,0.000731323,]
}
