{
"dep_polymers":	"Dimers",
"occupation_average":	175699,
"occupation_std":	340.294,
"occupation_fraction_average":	0.670239,
"occupation_fraction_std":	0.00129812,
"pj_over_1_minus_q_avg":	0.837798,
"pj_over_1_minus_q_std":	0.00162265,
"occupation_history":	[175810,175892,175878,175824,175886,175932,175978,175934,175758,175754,175900,175626,175842,175700,175702,175682,175684,175636,175542,175872,175494,175772,175652,175692,175718,175690,175754,175860,175804,175758,175640,175478,175798,176024,176024,175648,175546,175682,175904,175984,175664,175928,175466,175456,175872,175600,175730,175596,175668,175872,175686,175530,175710,175724,175522,175870,175528,175596,175608,175650,175996,175736,175452,175804,175680,175664,175778,175780,175740,175800,175814,175840,175554,175528,175526,175962,175794,175672,175562,175870,175618,175716,175466,175456,175520,175654,175262,175596,175988,175302,175838,175860,175698,175802,175752,175726,175568,175524,175696,175734,175584,175584,175978,175802,175474,175576,175810,175604,175694,175752,175606,175828,175600,175578,175680,175746,175942,175622,175828,175662,175882,175826,175592,175778,175628,175596,175546,175898,176040,175772,175798,175492,175820,175736,175610,175746,175598,175688,175762,175684,175580,175430,175488,175728,175766,175566,175664,175612,175466,175748,175648,175778,175722,175604,175694,175602,175718,175400,175718,175798,175552,175580,175666,175996,175760,175534,175710,175668,175888,175418,175698,175672,175700,175716,175876,175794,175692,175422,175772,175702,175822,175796,175508,175768,175620,175644,175634,175618,175842,175586,175436,175678,175344,175908,175528,175590,175590,175748,175676,175664,175756,175574,175874,175676,175614,175806,175884,175884,175710,175598,175650,175810,175550,176008,175708,175720,175776,175492,175518,175778,175938,175728,175870,175614,175632,175562,175828,175908,175762,175770,175790,175760,175422,175780,175710,175514,175824,175752,175780,175708,175558,175746,175708,175822,175654,175342,175658,175690,175704,175642,175568,175798,175526,175594,175792,175766,]
}
