{
"dep_polymers":	"Linear trimers",
"occupation_fraction_average":	0.604461,
"occupation_fraction_std":	0.00608571,
"pj_over_1_minus_q_avg":	0.755576,
"pj_over_1_minus_q_std":	0.00760713,
"occupation_fraction_std_history":	[0.00573238,0.00587746,0.00602369,0.00607372,0.00606643,0.0060191,0.00607567,0.00605388,0.00604163,0.00602609,0.00603112,0.00603454,0.00602398,0.00605773,0.00604822,0.00603689,0.0060169,0.00603,0.00611404,0.00612503,0.00613525,0.00613913,0.00613701,0.00613524,0.00614774,0.00613552,0.00613053,0.00612383,0.00610947,0.00610642,0.00609772,0.00609416,0.00609736,0.00609089,0.00609165,0.00609701,0.00609507,0.00609767,0.00608925,0.00609072,0.00608569,0.00608571,]
}
