{
"dep_polymers":	"Dimers",
"occupation_fraction_average":	0.578345,
"occupation_fraction_std":	0.000526613,
"pj_over_1_minus_q_avg":	0.826207,
"pj_over_1_minus_q_std":	0.000752304,
"occupation_fraction_std_history":	[0.000527179,0.000522469,0.000531679,0.000534052,0.000532032,0.000535166,0.000533219,0.000534408,0.000532865,0.000531636,0.000529336,0.000530196,0.000531001,0.000530465,0.000529086,0.000527081,0.000526613,]
}
