{
"dep_polymers":	"Trimers",
"occupation_fraction_average":	0.30096,
"occupation_fraction_std":	0.00253447,
"pj_over_1_minus_q_avg":	0.752401,
"pj_over_1_minus_q_std":	0.00633619,
"occupation_fraction_std_history":	[0.00325969,0.00288501,0.00269872,0.00262053,0.00260839,0.00259315,0.00258732,0.00256033,0.00257627,0.00256138,0.00255181,0.00251934,0.00253864,0.00249631,0.0024931,0.00251274,0.00254054,0.00253303,0.00255037,0.00254301,0.00255083,0.00254722,0.00255648,0.00254982,0.0025389,0.00253073,0.00251922,0.00252867,0.00253376,0.00253447,]
}
