{
"dep_polymers":	"Dimers",
"occupation_fraction_average":	0.24203,
"occupation_fraction_std":	0.00312805,
"pj_over_1_minus_q_avg":	0.806765,
"pj_over_1_minus_q_std":	0.0104268,
"occupation_fraction_std_history":	[0.00278995,0.00278053,0.00273922,0.00276094,0.00288225,0.00292964,0.00290526,0.0029769,0.00296428,0.00300816,0.00301748,0.0030074,0.00298037,0.00297179,0.00302067,0.00303725,0.00315175,0.00315945,0.00315629,0.0031452,0.00312911,0.00312805,]
}
