{
"dep_polymers":	"Dimers",
"occupation_fraction_average":	0.242408,
"occupation_fraction_std":	0.00302199,
"pj_over_1_minus_q_avg":	0.808025,
"pj_over_1_minus_q_std":	0.0100733,
"occupation_fraction_std_history":	[0.0025003,0.00270602,0.00276997,0.00279493,0.00287325,0.0029083,0.00288186,0.00297349,0.00302253,0.00302199,]
}
