{
"dep_polymers":	"Trimers",
"occupation_fraction_average":	95.5368,
"occupation_fraction_std":	4.27184,
"pj_over_1_minus_q_avg":	191.074,
"pj_over_1_minus_q_std":	8.54369,
"occupation_fraction_std_history":	[3.79473,4.64758,3.94968,3.54965,3.88844,3.80132,4.04404,3.94303,4.40908,4.39108,4.33628,4.36434,4.25167,4.16751,4.07411,4.02422,4.09412,4.05093,4.02009,3.95033,3.93062,3.93985,3.94163,3.96855,4.01984,4.03952,4.09673,4.07729,4.14651,4.13284,4.15683,4.18659,4.16939,4.14706,4.13154,4.10457,4.10222,4.2032,4.2447,4.26314,4.28223,4.28764,4.28624,4.3264,4.31028,4.31382,4.30752,4.28303,4.25915,4.27672,4.35444,4.32671,4.35038,4.3425,4.34154,4.35032,4.34088,4.35816,4.33638,4.30298,4.28676,4.27611,4.26754,4.2633,4.23715,4.24287,4.22651,4.2081,4.22455,4.24632,4.23678,4.21782,4.27579,4.26332,4.25413,4.28616,4.31962,4.34956,4.34315,4.35062,4.37736,4.36542,4.36044,4.35246,4.34648,4.39403,4.37182,4.35886,4.3525,4.34509,4.35879,4.3712,4.36019,4.34938,4.35321,4.34687,4.34007,4.34347,4.38615,4.37914,4.37705,4.35882,4.35137,4.37753,4.35984,4.35801,4.38325,4.38254,4.37151,4.35826,4.35741,4.36528,4.36935,4.36481,4.37204,4.35686,4.35826,4.35819,4.3495,4.33716,4.32531,4.31142,4.31007,4.30512,4.29231,4.29926,4.29451,4.29566,4.3021,4.29875,4.29113,4.27933,4.274,4.27602,4.27187,4.27184,]
}
