{
"dep_polymers":	"Linear trimers",
"occupation_fraction_average":	0.0453418,
"occupation_fraction_std":	0.00178516,
"pj_over_1_minus_q_avg":	0.453418,
"pj_over_1_minus_q_std":	0.0178516,
"occupation_fraction_std_history":	[0.00198146,0.00230409,0.00220154,0.00205296,0.0019691,0.00188713,0.00193662,0.00189846,0.00187623,0.00185451,0.00191367,0.00191914,0.00190181,0.00187273,0.00186785,0.00185496,0.00182194,0.00181462,0.00183789,0.00182264,0.00180079,0.00178661,0.00176641,0.00177194,0.00178507,0.00178516,]
}
