{
"dep_polymers":	"Linear trimers",
"occupation_fraction_average":	0.357395,
"occupation_fraction_std":	0.00635035,
"pj_over_1_minus_q_avg":	0.71479,
"pj_over_1_minus_q_std":	0.0127007,
"occupation_fraction_std_history":	[0.00528726,0.00587622,0.0057187,0.00570451,0.00559293,0.00561617,0.00587638,0.00606432,0.00604959,0.00595967,0.00589078,0.00582187,0.00600372,0.00604932,0.00601793,0.00600614,0.00594148,0.00589419,0.00588706,0.0059491,0.00590366,0.00592884,0.00621552,0.00643694,0.0065019,0.00647274,0.00645681,0.00640188,0.00634442,0.00635035,]
}
