{
"dep_polymers":	"Linear trimers",
"occupation_fraction_average":	0.780113,
"occupation_fraction_std":	0.000380386,
"pj_over_1_minus_q_avg":	0.780113,
"pj_over_1_minus_q_std":	0.000380386,
"occupation_fraction_std_history":	[0.000381577,0.000383937,0.000377497,0.000378343,0.000381057,0.000379896,0.000380757,0.000380386,]
}
