{
"dep_polymers":	"Squared",
"occupation_fraction_average":	0.0855136,
"occupation_fraction_std":	0.000695052,
"pj_over_1_minus_q_avg":	0.427568,
"pj_over_1_minus_q_std":	0.00347526,
"occupation_fraction_std_history":	[0.000700601,0.000687264,0.000693962,0.000687056,0.000700647,0.000704284,0.000699513,0.000703128,0.000699046,0.000697642,0.000696396,0.000697875,0.00069572,0.000695052,]
}
