{
"dep_polymers":	"Squared",
"occupation_fraction_average":	0.303662,
"occupation_fraction_std":	0.00378255,
"pj_over_1_minus_q_avg":	0.607324,
"pj_over_1_minus_q_std":	0.0075651,
"occupation_fraction_std_history":	[0.00384119,0.0034728,0.00346653,0.00339137,0.00347754,0.00362767,0.00374934,0.00371182,0.00373976,0.00381814,0.00378867,0.00388912,0.00386996,0.00383464,0.00384084,0.00382718,0.00381277,0.00379954,0.00378355,0.00377154,0.00379461,0.00380213,0.00377939,0.00375981,0.0037833,0.00378255,]
}
