{
"dep_polymers":	"Linear trimers",
"occupation_fraction_average":	0.683894,
"occupation_fraction_std":	0.0059911,
"pj_over_1_minus_q_avg":	0.759882,
"pj_over_1_minus_q_std":	0.00665678,
"occupation_fraction_std_history":	[0.00587537,0.00588199,0.00591307,0.00590603,0.00590006,0.00596885,0.00594682,0.0060026,0.00603111,0.00601671,0.00599399,0.00600025,0.00599061,0.0059911,]
}
