{
"dep_polymers":	"Dimers",
"occupation_fraction_average":	0.0677856,
"occupation_fraction_std":	0.000574488,
"pj_over_1_minus_q_avg":	0.677856,
"pj_over_1_minus_q_std":	0.00574488,
"occupation_fraction_std_history":	[0.000489189,0.000498026,0.000525799,0.000561366,0.000558118,0.000575126,0.000579299,0.000587132,0.000583025,0.000594155,0.000586462,0.000579616,0.000575396,0.000574395,0.000574488,]
}
