{
"dep_polymers":	"Dimers",
"occupation_fraction_average":	0.0679501,
"occupation_fraction_std":	0.00113903,
"pj_over_1_minus_q_avg":	0.679501,
"pj_over_1_minus_q_std":	0.0113903,
"occupation_fraction_std_history":	[0.0010306,0.00119292,0.00111859,0.00116603,0.00114153,0.00114301,0.00112076,0.00110271,0.00110035,0.00112932,0.00111963,0.00110546,0.00110337,0.00110136,0.0011247,0.00112239,0.00113701,0.00113846,0.00113689,0.0011563,0.00115356,0.00115037,0.00113949,0.00113903,]
}
