{
"dep_polymers":	"Linear trimers",
"occupation_fraction_average":	0.0520714,
"occupation_fraction_std":	0.00390178,
"pj_over_1_minus_q_avg":	0.520714,
"pj_over_1_minus_q_std":	0.0390178,
"occupation_fraction_std_history":	[0.00246895,0.0029538,0.00510054,0.00457621,0.0045133,0.00433999,0.00415927,0.00397523,0.00384703,0.00376834,0.00370042,0.00358986,0.00365634,0.00371173,0.00371974,0.00377781,0.00381487,0.00380442,0.00379108,0.00396314,0.00408511,0.00401842,0.00398483,0.00396207,0.00390834,0.00395126,0.00393604,0.00389857,0.0038593,0.00389503,0.00398433,0.0039584,0.00394378,0.00390999,0.00393188,0.00391702,0.00396682,0.00395713,0.00393148,0.00394898,0.00392719,0.00389878,0.00390178,]
}
