{
"dep_polymers":	"Trimers",
"occupation_fraction_average":	0.715842,
"occupation_fraction_std":	0.000668533,
"pj_over_1_minus_q_avg":	0.79538,
"pj_over_1_minus_q_std":	0.000742814,
"occupation_fraction_std_history":	[0.000684236,0.000681468,0.000676321,0.000674855,0.00067233,0.000667934,0.000668533,]
}
