{
"dep_polymers":	"Dimers",
"occupation_average":	6637.65,
"occupation_std":	32.7166,
"occupation_fraction_average":	0.40513,
"occupation_fraction_std":	0.00199686,
"pj_over_1_minus_q_avg":	0.81026,
"pj_over_1_minus_q_std":	0.00399373,
"occupation_history":	[6648,6630,6660,6650,6592,6604,6644,6688,6596,6650,6704,6636,6654,6662,6664,6636,6632,6616,6664,6636,6696,6638,6666,6624,6670,6600,6604,6638,6652,6668,6680,6656,6608,6632,6670,6678,6614,6634,6636,6634,6694,6646,6646,6652,6708,6716,6630,6650,6656,6604,6654,6642,6634,6610,6674,6652,6626,6592,6596,6618,6616,6614,6584,6616,6644,6628,6660,6678,6610,6648,6640,6644,6666,6642,6638,6662,6606,6632,6642,6650,6678,6650,6616,6642,6658,6616,6566,6580,6674,6618,6612,6638,6598,6636,6616,6638,6652,6642,6634,6644,6672,6626,6690,6666,6644,6668,6586,6612,6558,6622,6572,6596,6596,6634,6580,6628,6594,6650,6600,6624,6614,6634,6646,6640,6630,6646,6690,6632,6598,6680,6630,6660,6648,6676,6660,6624,6678,6604,6682,6600,6632,6632,6640,6628,6620,6586,6644,6670,6674,6622,6618,6612,6628,6652,6632,6616,6606,6554,6630,6640,6610,6630,6602,6602,6594,6598,6580,6642,6596,6694,6598,6692,6650,6698,6646,6596,6660,6612,6688,6620,6644,6590,6620,6656,6636,6706,6688,6624,6634,6624,6686,6636,6592,6626,6634,6590,6652,6608,6596,6618,6656,6588,6676,6660,6652,6658,6664,6672,6666,6620,6642,6664,6658,6668,6648,6704,6658,6654,6624,6620,6664,6650,6636,6636,6682,6660,6642,6644,6608,6618,6662,6620,6614,6636,6600,6576,6584,6640,6570,6626,6640,6660,6664,6666,6656,6684,6588,6626,6614,6666,6624,6602,6622,6624,6620,6626,6742,6648,6628,6618,6672,6606,6676,6616,6604,6676,6614,6612,6620,6634,6600,6632,6672,6682,6660,6708,6620,6674,6584,6640,6694,6642,6716,6612,6694,6654,6696,6654,6626,6636,6640,6584,6636,6648,6588,6640,6688,6636,6572,6598,6620,6654,6596,6606,6604,6606,6664,6654,6628,6680,6688,6646,6644,6606,6600,6652,6590,6598,6632,6640,6606,6614,6650,6618,6616,6618,6600,6640,6668,6640,6652,6576,6634,6644,6634,6678,6628,6670,6610,6640,6660,6642,6684,6572,6582,6624,6558,6636,6642,6604,6632,6668,6616,6640,6594,6636,6632,6610,6606,6626,6640,6592,6722,6640,6666,6664,6690,6652,6658,6622,6686,6650,6650,6690,6650,6632,6644,6678,6640,6650,6628,6648,6652,6652,6592,6640,6570,6616,6644,6620,6594,6620,6602,6626,6620,6610,6576,6604,6622,6654,6692,6636,6606,6670,6642,6598,6618,6626,6570,6628,6590,6652,6626,6720,6658,6608,6668,6588,6650,6600,6656,6654,6664,6652,6648,6632,6626,6652,6598,6620,6656,6656,6670,6650,6684,6650,6636,6644,6616,6618,6688,6656,6690,6646,6690,6674,6666,6642,6610,6650,6610,6672,6622,6614,6638,6602,6630,6604,6654,6642,6614,6664,6672,6612,6642,6560,6608,6574,6634,6608,6654,6638,6622,6656,6664,6652,6618,6590,6628,6660,6656,6658,6656,6714,6666,6716,6680,6600,6634,6660,6712,6674,6700,6682,6694,6648,6662,6648,6634,6656,6656,6680,6610,6652,6660,6684,6612,6602,6614,6636,6660,6668,]
}
