{ 
"defperc_count":	29692,
"defperc_avg":	0.906128,
"atmperc_count":	25935,
"atmperc_avg":	0.791473
}
