{
"dep_polymers":	"Trimers",
"occupation_fraction_average":	387.034,
"occupation_fraction_std":	8.79263,
"pj_over_1_minus_q_avg":	774.069,
"pj_over_1_minus_q_std":	17.5853,
"occupation_fraction_std_history":	[5.36656,7.52396,6.40625,7.41552,6.87674,6.84471,6.81631,6.93861,7.43744,7.10563,7.15648,7.10563,7.6904,7.61375,7.52106,7.58493,7.45082,7.31087,7.73497,7.607,7.59022,7.57598,7.74154,7.6785,7.65559,7.67213,7.81117,7.92275,7.85537,7.80536,7.83151,7.84449,7.79247,7.79033,7.80883,7.75557,7.77381,7.70559,7.74205,7.73023,7.73904,7.66007,7.58644,7.73628,7.73087,7.68419,7.6794,7.64706,7.60975,7.6791,7.69919,7.72512,7.77085,7.77266,7.72969,7.85993,7.84165,7.82684,7.87207,7.8317,7.87238,7.8739,7.91861,7.87676,7.82879,7.83751,7.79832,7.77698,7.8798,7.89391,7.84671,7.80701,7.78072,7.76452,7.75487,7.77557,7.75658,7.80434,7.79407,7.78231,7.80192,7.78369,7.86935,7.86811,7.8376,7.84133,7.83491,7.87124,7.83646,7.82562,7.84902,7.91526,7.92487,7.89935,8.01534,8.03095,8.01661,8.01153,8.05141,8.14114,8.13526,8.20479,8.19099,8.20633,8.20904,8.19724,8.18201,8.21252,8.24381,8.22246,8.24195,8.26481,8.27321,8.2588,8.25511,8.28378,8.26276,8.26968,8.27625,8.26557,8.26133,8.26101,8.25585,8.24377,8.21784,8.19851,8.21778,8.22299,8.26092,8.26028,8.2574,8.28247,8.31679,8.31696,8.34,8.34538,8.35301,8.36084,8.34813,8.3358,8.3382,8.38328,8.43007,8.42503,8.44226,8.42123,8.45223,8.45534,8.43901,8.41976,8.44268,8.4425,8.44273,8.42948,8.41137,8.40922,8.43711,8.43049,8.43827,8.45022,8.4474,8.44058,8.45633,8.45087,8.48415,8.47729,8.46281,8.45228,8.45317,8.47143,8.47585,8.47524,8.47563,8.47665,8.46865,8.45987,8.49121,8.51661,8.50956,8.50704,8.51616,8.50495,8.49025,8.47645,8.46711,8.4647,8.44527,8.43656,8.44625,8.47425,8.45656,8.4547,8.45815,8.45573,8.4653,8.47725,8.47434,8.47331,8.46942,8.48167,8.4667,8.45457,8.45098,8.43069,8.41974,8.41325,8.4229,8.43855,8.42766,8.43194,8.42922,8.44528,8.48723,8.48696,8.47183,8.49447,8.48378,8.47964,8.47746,8.47291,8.48076,8.5054,8.50059,8.52867,8.53647,8.55673,8.61298,8.60728,8.62847,8.66021,8.67619,8.67843,8.70588,8.72738,8.73436,8.74683,8.75471,8.77746,8.7829,8.79298,8.80155,8.79644,8.79263,8.79263,]
}
