{
"dep_polymers":	"Dimers",
"occupation_fraction_average":	0.159182,
"occupation_fraction_std":	0.00280442,
"pj_over_1_minus_q_avg":	0.795908,
"pj_over_1_minus_q_std":	0.0140221,
"occupation_fraction_std_history":	[0.00230524,0.00238283,0.00232803,0.00265984,0.00273998,0.00290041,0.00283535,0.00280203,0.00274953,0.00279482,0.00282078,0.00281558,0.00287022,0.00283157,0.00280236,0.00280442,]
}
