{
"dep_polymers":	"Trimers",
"occupation_fraction_average":	0.714174,
"occupation_fraction_std":	0.000335343,
"pj_over_1_minus_q_avg":	0.793527,
"pj_over_1_minus_q_std":	0.000372604,
"occupation_fraction_std_history":	[0.000324264,0.00033299,0.000332324,0.000337156,0.000338816,0.000341297,0.000338738,0.000340026,0.000342262,0.000341531,0.000339673,0.00033625,0.000334279,0.000333045,0.000332318,0.00033426,0.000334971,0.000334033,0.000335225,0.000335343,]
}
