{
"dep_polymers":	"Squared",
"occupation_fraction_average":	0.561741,
"occupation_fraction_std":	0.00427234,
"pj_over_1_minus_q_avg":	0.702176,
"pj_over_1_minus_q_std":	0.00534042,
"occupation_fraction_std_history":	[0.0042698,0.00414416,0.00427595,0.00429454,0.00423748,0.00431204,0.00428569,0.00435505,0.0043153,0.00427286,0.00427234,]
}
