{
"dep_polymers":	"Dimers",
"occupation_fraction_average":	0.75898,
"occupation_fraction_std":	0.000288943,
"pj_over_1_minus_q_avg":	0.843311,
"pj_over_1_minus_q_std":	0.000321048,
"occupation_fraction_std_history":	[0.000284931,0.000278228,0.000285092,0.000283849,0.000286828,0.000288904,0.000288943,]
}
