{
"dep_polymers":	"Linear trimers",
"occupation_fraction_average":	0.520222,
"occupation_fraction_std":	0.00636385,
"pj_over_1_minus_q_avg":	0.743174,
"pj_over_1_minus_q_std":	0.00909122,
"occupation_fraction_std_history":	[0.00744845,0.00715916,0.00664598,0.0066994,0.00673134,0.00665396,0.00654386,0.00644588,0.00633938,0.00636492,0.00636385,]
}
