{
"dep_polymers":	"Squared",
"occupation_fraction_average":	0.536736,
"occupation_fraction_std":	0.000580811,
"pj_over_1_minus_q_avg":	0.67092,
"pj_over_1_minus_q_std":	0.000726014,
"occupation_fraction_std_history":	[0.000559881,0.000592371,0.000608459,0.000636239,0.000628122,0.00061322,0.000600644,0.000595292,0.000587043,0.000583959,0.000581025,0.000578379,0.000580043,0.000577315,0.000575153,0.000576564,0.000580235,0.000580811,]
}
