{
"dep_polymers":	"Linear trimers",
"occupation_fraction_average":	0.421895,
"occupation_fraction_std":	0.00597803,
"pj_over_1_minus_q_avg":	0.703158,
"pj_over_1_minus_q_std":	0.00996338,
"occupation_fraction_std_history":	[0.005414,0.00581062,0.00573801,0.00572684,0.00562278,0.00577395,0.00569488,0.00575336,0.0056827,0.00563858,0.0055994,0.00599218,0.00607491,0.00600858,0.00604717,0.00601736,0.00597289,0.00597803,]
}
