{
"dep_polymers":	"Trimers",
"occupation_fraction_average":	0.137151,
"occupation_fraction_std":	0.00196555,
"pj_over_1_minus_q_avg":	0.685754,
"pj_over_1_minus_q_std":	0.00982777,
"occupation_fraction_std_history":	[0.0020958,0.00205407,0.00201279,0.00195171,0.00204553,0.00203164,0.00201413,0.001988,0.00196053,0.00203149,0.00202255,0.0020083,0.00202859,0.00200035,0.00205219,0.00203751,0.0020277,0.00201292,0.00199884,0.0019847,0.00199403,0.00198064,0.00196656,0.00196555,]
}
