{
"dep_polymers":	"Linear trimers",
"occupation_fraction_average":	0.108747,
"occupation_fraction_std":	0.00115242,
"pj_over_1_minus_q_avg":	0.543736,
"pj_over_1_minus_q_std":	0.00576211,
"occupation_fraction_std_history":	[0.00110086,0.00112391,0.00111753,0.00112253,0.00114152,0.00115622,0.00114424,0.00113936,0.00113756,0.0011345,0.0011369,0.00113493,0.00113831,0.00114587,0.00113794,0.00113617,0.00114512,0.00113461,0.00112829,0.00113474,0.00114879,0.00115002,0.00114456,0.00114829,0.00115157,0.00115242,]
}
