{
"dep_polymers":	"Trimers",
"occupation_fraction_average":	0.80418,
"occupation_fraction_std":	0.000663896,
"pj_over_1_minus_q_avg":	0.80418,
"pj_over_1_minus_q_std":	0.000663896,
"occupation_fraction_std_history":	[0.000695653,0.000677749,0.000666276,0.000668383,0.000664183,0.000663896,]
}
