{
"dep_polymers":	"Dimers",
"occupation_fraction_average":	0.327261,
"occupation_fraction_std":	0.0010606,
"pj_over_1_minus_q_avg":	0.818154,
"pj_over_1_minus_q_std":	0.00265151,
"occupation_fraction_std_history":	[0.00112791,0.00106285,0.00105328,0.00106921,0.00106218,0.00105128,0.00103852,0.00104908,0.00104649,0.00105111,0.00104817,0.00105042,0.00105716,0.00105916,0.0010642,0.00105841,0.00105328,0.00106297,0.00106011,0.0010606,]
}
