{
"dep_polymers":	"Squared",
"occupation_fraction_average":	0.64023,
"occupation_fraction_std":	0.000926413,
"pj_over_1_minus_q_avg":	0.711367,
"pj_over_1_minus_q_std":	0.00102935,
"occupation_fraction_std_history":	[0.000930507,0.00092594,0.000915909,0.000911622,0.000913242,0.000920471,0.000921598,0.000924739,0.000921708,0.000919667,0.000922289,0.000924348,0.000925828,0.000927551,0.000923176,0.000924275,0.000926237,0.000926413,]
}
