{
"dep_polymers":	"Linear trimers",
"occupation_fraction_average":	0.733082,
"occupation_fraction_std":	0.000214869,
"pj_over_1_minus_q_avg":	0.771666,
"pj_over_1_minus_q_std":	0.000226178,
"occupation_fraction_std_history":	[0.000207998,0.000214525,0.000208325,0.000211812,0.00021797,0.000214961,0.000214869,]
}
