{
"dep_polymers":	"Squared",
"occupation_fraction_average":	0.357145,
"occupation_fraction_std":	0.00354243,
"pj_over_1_minus_q_avg":	0.595241,
"pj_over_1_minus_q_std":	0.00590406,
"occupation_fraction_std_history":	[0.00364187,0.00358607,0.00344002,0.00355798,0.00353529,0.00348419,0.0034877,0.00343943,0.00343531,0.00351885,0.00349305,0.00348037,0.00345133,0.00346795,0.00347543,0.00353299,0.00354296,0.00353903,0.00354243,]
}
