{
"dep_polymers":	"Dimers",
"occupation_fraction_average":	0.66879,
"occupation_fraction_std":	0.000281714,
"pj_over_1_minus_q_avg":	0.835988,
"pj_over_1_minus_q_std":	0.000352142,
"occupation_fraction_std_history":	[0.000276428,0.000261822,0.000274038,0.000283243,0.000281078,0.000279835,0.000279201,0.000281066,0.000282815,0.000280669,0.000282314,0.000281685,0.000281714,]
}
