{
"dep_polymers":	"Trimers",
"occupation_fraction_average":	0.202845,
"occupation_fraction_std":	0.00392371,
"pj_over_1_minus_q_avg":	0.676149,
"pj_over_1_minus_q_std":	0.013079,
"occupation_fraction_std_history":	[0.00385623,0.00418429,0.00397982,0.00386179,0.00390207,0.00388172,0.00394493,0.00388472,0.00386535,0.00383274,0.00379457,0.00376391,0.00380867,0.00384093,0.00390398,0.00392179,0.00392371,]
}
