{
"dep_polymers":	"Linear trimers",
"occupation_fraction_average":	0.0392193,
"occupation_fraction_std":	0.000842216,
"pj_over_1_minus_q_avg":	0.392193,
"pj_over_1_minus_q_std":	0.00842216,
"occupation_fraction_std_history":	[0.000655271,0.000732394,0.000736647,0.000762986,0.000748646,0.000766788,0.000788207,0.000786364,0.000779326,0.00077005,0.000768164,0.000783232,0.000797127,0.000802946,0.000809761,0.000804673,0.000815981,0.000810097,0.000813745,0.000812545,0.000809683,0.00081234,0.000814453,0.000812229,0.000815171,0.000820033,0.000824805,0.000823531,0.00083334,0.000839082,0.000839986,0.000842953,0.000842216,]
}
