{
"dep_polymers":	"Trimers",
"occupation_fraction_average":	0.144374,
"occupation_fraction_std":	0.000883921,
"pj_over_1_minus_q_avg":	0.72187,
"pj_over_1_minus_q_std":	0.00441961,
"occupation_fraction_std_history":	[0.000902729,0.000875197,0.000885569,0.000872089,0.00089883,0.000902596,0.000928038,0.000926964,0.000923587,0.000931209,0.000922824,0.000926333,0.000918611,0.000913615,0.000910768,0.000911962,0.000908163,0.000903472,0.000906753,0.000904857,0.000901193,0.000899356,0.000893573,0.000892419,0.000888281,0.000885001,0.000882847,0.000881469,0.000884793,0.000883921,]
}
