{
"dep_polymers":	"Linear trimers",
"occupation_fraction_average":	0.357469,
"occupation_fraction_std":	0.0031557,
"pj_over_1_minus_q_avg":	0.714937,
"pj_over_1_minus_q_std":	0.0063114,
"occupation_fraction_std_history":	[0.00319128,0.00297951,0.00318261,0.00311922,0.00309186,0.00314276,0.00313074,0.00309264,0.00309981,0.00311193,0.00309048,0.00312024,0.00313037,0.00315656,0.0031557,]
}
