{
"dep_polymers":	"Trimers",
"occupation_fraction_average":	0.543242,
"occupation_fraction_std":	0.00498854,
"pj_over_1_minus_q_avg":	0.77606,
"pj_over_1_minus_q_std":	0.00712648,
"occupation_fraction_std_history":	[0.00484288,0.0050573,0.00500373,0.00498905,0.00497348,0.00498955,0.00498854,]
}
