{
"dep_polymers":	"Squared",
"occupation_fraction_average":	0.0979883,
"occupation_fraction_std":	0.00328549,
"pj_over_1_minus_q_avg":	0.489941,
"pj_over_1_minus_q_std":	0.0164274,
"occupation_fraction_std_history":	[0.00285595,0.00293014,0.00275365,0.00264043,0.00270631,0.00313209,0.00332716,0.00331441,0.00329119,0.00323155,0.00319437,0.00318861,0.00320015,0.00329309,0.00324291,0.00325073,0.00325495,0.00329628,0.00328253,0.00328549,]
}
