{
"dep_polymers":	"Squared",
"occupation_fraction_average":	0.543243,
"occupation_fraction_std":	0.00729633,
"pj_over_1_minus_q_avg":	0.679054,
"pj_over_1_minus_q_std":	0.00912041,
"occupation_fraction_std_history":	[0.00755134,0.00775533,0.00760086,0.0075866,0.00736307,0.00731674,0.00735861,0.0072692,0.00724742,0.00730428,0.00736517,0.0073904,0.00733659,0.00737606,0.00736396,0.00733002,0.00731111,0.00736588,0.00734728,0.00733344,0.00728944,0.00729633,]
}
