{
"dep_polymers":	"Squared",
"occupation_fraction_average":	0.0337837,
"occupation_fraction_std":	0.000254493,
"pj_over_1_minus_q_avg":	0.337837,
"pj_over_1_minus_q_std":	0.00254493,
"occupation_fraction_std_history":	[0.00025178,0.000254408,0.000254493,]
}
