{
"dep_polymers":	"Trimers",
"occupation_fraction_average":	0.0636167,
"occupation_fraction_std":	0.00151081,
"pj_over_1_minus_q_avg":	0.636167,
"pj_over_1_minus_q_std":	0.0151081,
"occupation_fraction_std_history":	[0.00170288,0.00163008,0.00159313,0.00153871,0.00151089,0.00151081,]
}
