{
"dep_polymers":	"Linear trimers",
"occupation_fraction_average":	0.247713,
"occupation_fraction_std":	0.000349553,
"pj_over_1_minus_q_avg":	0.619284,
"pj_over_1_minus_q_std":	0.000873883,
"occupation_fraction_std_history":	[0.000342319,0.000354772,0.000351073,0.000348245,0.000349178,0.000350104,0.000348325,0.000345527,0.000349613,0.000349219,0.000349553,]
}
