{
"dep_polymers":	"Squared",
"occupation_fraction_average":	0.276543,
"occupation_fraction_std":	0.00348818,
"pj_over_1_minus_q_avg":	0.553085,
"pj_over_1_minus_q_std":	0.00697637,
"occupation_fraction_std_history":	[0.00295689,0.00329794,0.00339877,0.00337272,0.00336208,0.0032853,0.00336325,0.00362064,0.00352632,0.00349107,0.00348818,]
}
