{
"dep_polymers":	"Trimers",
"occupation_fraction_average":	0.714211,
"occupation_fraction_std":	0.00132868,
"pj_over_1_minus_q_avg":	0.793567,
"pj_over_1_minus_q_std":	0.00147631,
"occupation_fraction_std_history":	[0.00128782,0.00129487,0.00131484,0.00132161,0.0013263,0.00133336,0.00133431,0.00133494,0.00133144,0.0013318,0.00133641,0.00133341,0.00133504,0.00133603,0.00133224,0.00133202,0.00133149,0.00133054,0.00132704,0.00132632,0.00132888,0.0013293,0.00132922,0.00133077,0.00133311,0.00133448,0.00133352,0.00133134,0.00133123,0.00133212,0.00133155,0.00133206,0.00133147,0.00132827,0.00132907,0.00132882,0.00132869,0.00132868,]
}
