{
"dep_polymers":	"Squared",
"occupation_fraction_average":	0.0276241,
"occupation_fraction_std":	0.000450601,
"pj_over_1_minus_q_avg":	0.276241,
"pj_over_1_minus_q_std":	0.00450601,
"occupation_fraction_std_history":	[0.000444879,0.000440159,0.000457135,0.000452905,0.000461699,0.000458349,0.000463294,0.00045983,0.000462982,0.000465172,0.000461553,0.000460046,0.00045683,0.000457534,0.000458571,0.000457323,0.000454624,0.000454066,0.000450783,0.000450601,]
}
