{
"dep_polymers":	"Trimers",
"occupation_fraction_average":	0.45912,
"occupation_fraction_std":	0.00248595,
"pj_over_1_minus_q_avg":	0.7652,
"pj_over_1_minus_q_std":	0.00414325,
"occupation_fraction_std_history":	[0.00234249,0.00236372,0.00239986,0.00245027,0.00246218,0.00243157,0.00245471,0.00246865,0.00248587,0.00248595,]
}
