{
"dep_polymers":	"Linear trimers",
"occupation_fraction_average":	0.428805,
"occupation_fraction_std":	0.00155641,
"pj_over_1_minus_q_avg":	0.714675,
"pj_over_1_minus_q_std":	0.00259401,
"occupation_fraction_std_history":	[0.00154462,0.00158323,0.00157894,0.00159352,0.00158981,0.00157329,0.00157571,0.00156748,0.00158036,0.00157543,0.00156794,0.00155684,0.00155641,]
}
