{
"dep_polymers":	"Squared",
"occupation_fraction_average":	0.694541,
"occupation_fraction_std":	0.00371182,
"pj_over_1_minus_q_avg":	0.731096,
"pj_over_1_minus_q_std":	0.00390718,
"occupation_fraction_std_history":	[0.00382171,0.00374201,0.00374295,0.00372447,0.00369092,0.00369879,0.00369245,0.00370764,0.00371502,0.00371246,0.0037042,0.00370343,0.00370392,0.00369712,0.00369988,0.00369898,0.00370144,0.00371017,0.00370477,0.00370341,0.00370486,0.00371334,0.00371158,0.00371261,0.00370898,0.0037118,0.00371182,]
}
