{
"dep_polymers":	"Dimers",
"occupation_fraction_average":	0.672132,
"occupation_fraction_std":	0.00113272,
"pj_over_1_minus_q_avg":	0.840165,
"pj_over_1_minus_q_std":	0.0014159,
"occupation_fraction_std_history":	[0.00110167,0.00111722,0.00111544,0.00110836,0.00112565,0.00113446,0.00113617,0.00113135,0.00112881,0.00112461,0.0011331,0.00113518,0.00113198,0.00113375,0.00113092,0.00113451,0.00113303,0.00113272,]
}
