{
"dep_polymers":	"Squared",
"occupation_fraction_average":	0.690358,
"occupation_fraction_std":	0.00729562,
"pj_over_1_minus_q_avg":	0.726693,
"pj_over_1_minus_q_std":	0.0076796,
"occupation_fraction_std_history":	[0.00735296,0.00733429,0.00736521,0.00734314,0.00730618,0.00728277,0.00727335,0.00729111,0.00726285,0.00726768,0.00728618,0.00728348,0.00729258,0.00728612,0.00727796,0.00727275,0.00725553,0.00726898,0.0072881,0.00729444,0.00729455,0.00729206,0.00729764,0.00730099,0.00730509,0.00729765,0.00728774,0.00729617,0.00729023,0.00728899,0.00728235,0.00728928,0.00728706,0.00728656,0.00727741,0.00728338,0.00727978,0.00727929,0.00728471,0.00728855,0.00728397,0.00728854,0.00728634,0.0072804,0.00728511,0.00728868,0.00729457,0.0072939,0.00729574,0.00729238,0.00729568,0.00729562,]
}
