{ 
"defperc_count":	14425,
"defperc_avg":	0.880432,
"atmperc_count":	13987,
"atmperc_avg":	0.853699
}
