{
"dep_polymers":	"Dimers",
"occupation_fraction_average":	0.6705,
"occupation_fraction_std":	0.00434625,
"pj_over_1_minus_q_avg":	0.838125,
"pj_over_1_minus_q_std":	0.00543282,
"occupation_fraction_std_history":	[0.00418645,0.00432772,0.00426874,0.0042953,0.00432432,0.00434584,0.00435296,0.00438435,0.00439449,0.00437881,0.00438424,0.00439944,0.00439652,0.00439754,0.00437863,0.00437406,0.00436251,0.00437127,0.00437043,0.00437006,0.00437215,0.00436886,0.0043684,0.00436594,0.00436274,0.00435542,0.00435684,0.00435097,0.00435221,0.00435375,0.00435138,0.00434799,0.00434707,0.00434808,0.00434621,0.00434625,]
}
