{
"dep_polymers":	"Squared",
"occupation_fraction_average":	0.644855,
"occupation_fraction_std":	0.00748065,
"pj_over_1_minus_q_avg":	0.716506,
"pj_over_1_minus_q_std":	0.00831183,
"occupation_fraction_std_history":	[0.00725996,0.00738989,0.0073048,0.00757984,0.00762496,0.00765595,0.00763582,0.00761992,0.00757639,0.00754068,0.00756015,0.00753639,0.00751963,0.00753792,0.00753843,0.00751433,0.00750665,0.00750939,0.0075013,0.00750259,0.00750032,0.00748502,0.00748547,0.00748264,0.00750298,0.00750321,0.0075147,0.007506,0.00750375,0.00750274,0.00749839,0.00748617,0.00749314,0.00748712,0.00747982,0.00747704,0.00749364,0.00749493,0.00749073,0.007491,0.00748538,0.00748072,0.00748065,]
}
