{
"dep_polymers":	"Linear trimers",
"occupation_fraction_average":	0.734845,
"occupation_fraction_std":	0.00306571,
"pj_over_1_minus_q_avg":	0.773521,
"pj_over_1_minus_q_std":	0.00322706,
"occupation_fraction_std_history":	[0.003039,0.0030362,0.00304831,0.00301139,0.0029908,0.003005,0.00301207,0.00301643,0.00302105,0.00303865,0.00303874,0.0030403,0.00305514,0.00305865,0.00305661,0.00305304,0.0030618,0.00306439,0.00306525,0.00306619,0.0030639,0.00305884,0.00306054,0.00305747,0.00305655,0.00305943,0.00305931,0.00305818,0.00305139,0.00305216,0.00305624,0.00305392,0.00305347,0.00305552,0.00305756,0.00306004,0.00305966,0.00305881,0.00306252,0.003061,0.00306127,0.0030605,0.00306169,0.00306373,0.00306452,0.00306482,0.0030679,0.00306611,0.00306574,0.00306571,]
}
