{
"dep_polymers":	"Squared",
"occupation_fraction_average":	0.276149,
"occupation_fraction_std":	0.000432693,
"pj_over_1_minus_q_avg":	0.552297,
"pj_over_1_minus_q_std":	0.000865386,
"occupation_fraction_std_history":	[0.000408133,0.000429388,0.000431561,0.000432662,0.000432693,]
}
