{
"dep_polymers":	"Dimers",
"occupation_fraction_average":	0.327201,
"occupation_fraction_std":	0.00174382,
"pj_over_1_minus_q_avg":	0.818002,
"pj_over_1_minus_q_std":	0.00435955,
"occupation_fraction_std_history":	[0.00169991,0.0016877,0.00167787,0.00174181,0.00174547,0.00174382,]
}
