{
"dep_polymers":	"Dimers",
"occupation_fraction_average":	0.0710395,
"occupation_fraction_std":	0.00113894,
"pj_over_1_minus_q_avg":	0.710395,
"pj_over_1_minus_q_std":	0.0113894,
"occupation_fraction_std_history":	[0.000971201,0.000956363,0.00104591,0.00111059,0.00108301,0.00107979,0.00108452,0.00107281,0.00110509,0.00111304,0.0010906,0.00112525,0.00111861,0.00112279,0.00115479,0.00114819,0.00114046,0.00113594,0.00114885,0.00115755,0.00115344,0.00114303,0.00113596,0.00114184,0.00113852,0.00113684,0.0011336,0.00112487,0.00113567,0.00113924,0.00113507,0.00113371,0.00113849,0.00113894,]
}
