{
"dep_polymers":	"Trimers",
"occupation_fraction_average":	0.632139,
"occupation_fraction_std":	0.000425646,
"pj_over_1_minus_q_avg":	0.790174,
"pj_over_1_minus_q_std":	0.000532057,
"occupation_fraction_std_history":	[0.000418165,0.000419467,0.000418442,0.000418337,0.000421495,0.000422662,0.000422488,0.000422809,0.000423688,0.000423559,0.000425048,0.000425891,0.000425753,0.000424778,0.000425136,0.000425075,0.000425953,0.000425679,0.000426024,0.000426485,0.000426462,0.000425401,0.00042567,0.000425985,0.000426895,0.000426957,0.000426932,0.000426386,0.000426085,0.000426525,0.00042626,0.000426346,0.000426563,0.000426547,0.000426848,0.000427017,0.000426805,0.000426756,0.000426638,0.000426605,0.000426279,0.000425905,0.000425708,0.000425457,0.000425362,0.000425432,0.00042509,0.000424766,0.000424665,0.000425044,0.000424855,0.000424677,0.000424612,0.00042486,0.00042516,0.000425231,0.000425572,0.000425648,0.000425646,]
}
