{
"dep_polymers":	"Trimers",
"occupation_fraction_average":	24.4433,
"occupation_fraction_std":	2.25243,
"pj_over_1_minus_q_avg":	48.8867,
"pj_over_1_minus_q_std":	4.50487,
"occupation_fraction_std_history":	[3.05941,2.74955,2.31517,2.17888,2.41793,2.28254,2.19536,2.12132,2.14994,2.08624,2.03799,1.99687,1.9614,2.05937,2.03411,2.00371,2.02934,2.04831,2.02549,2.05319,2.02757,2.08578,2.10417,2.08192,2.0942,2.07192,2.0851,2.09726,2.07454,2.05485,2.06435,2.06727,2.081,2.11353,2.09788,2.10132,2.08389,2.11249,2.12987,2.11601,2.12039,2.11042,2.10073,2.13264,2.12021,2.10825,2.11005,2.11896,2.12956,2.13101,2.14286,2.13384,2.12505,2.12687,2.11676,2.10513,2.12188,2.12319,2.11384,2.12083,2.12391,2.12685,2.12588,2.12662,2.14901,2.16778,2.17584,2.16727,2.1589,2.15866,2.17004,2.17676,2.17593,2.17285,2.17191,2.16867,2.16135,2.16044,2.1683,2.17338,2.17803,2.1923,2.19835,2.20176,2.2,2.21004,2.21743,2.21779,2.21136,2.2141,2.22111,2.21681,2.2125,2.21054,2.22716,2.23103,2.22521,2.23133,2.23496,2.22699,2.22718,2.2217,2.23424,2.23215,2.22787,2.23122,2.2238,2.22929,2.23245,2.24059,2.24282,2.25774,2.26517,2.265,2.26483,2.2578,2.25769,2.25335,2.2536,2.25353,2.26241,2.26668,2.26651,2.26635,2.26841,2.26617,2.26601,2.25965,2.26984,2.26967,2.26953,2.26533,2.2652,2.26889,2.26471,2.26459,2.26264,2.26436,2.26244,2.25845,2.25466,2.2527,2.25442,2.25609,2.26512,2.26474,2.26623,2.26768,2.26908,2.26746,2.2741,2.27686,2.28187,2.27795,2.27269,2.2822,2.28017,2.28131,2.27931,2.27732,2.2827,2.2807,2.27754,2.27441,2.2695,2.2706,2.27052,2.27044,2.27036,2.27376,2.26902,2.27184,2.27118,2.26653,2.26193,2.26753,2.26916,2.26741,2.26735,2.26288,2.26393,2.26496,2.25892,2.25458,2.2589,2.25785,2.25517,2.25199,2.25518,2.25362,2.25206,2.24948,2.25779,2.25366,2.25471,2.25064,2.24812,2.25069,2.24921,2.24823,2.24428,2.24286,2.24043,2.2405,2.24695,2.24699,2.24703,2.24464,2.24085,2.23849,2.23857,2.23964,2.24167,2.24173,2.23806,2.23536,2.23407,2.23185,2.22965,2.22609,2.22892,2.22406,2.22285,2.22527,2.22724,2.22469,2.22393,2.22052,2.21977,2.21639,2.21304,2.22372,2.22256,2.22744,2.22411,2.22298,2.22867,2.22789,2.22676,2.22351,2.22945,2.22833,2.22844,2.22765,2.22805,2.22905,2.22915,2.22807,2.22934,2.22709,2.22485,2.22962,2.22972,2.22777,2.22962,2.22856,2.23294,2.23328,2.23931,2.24048,2.23633,2.23554,2.23365,2.23481,2.23487,2.23385,2.23306,2.23012,2.23213,2.23028,2.23121,2.23106,2.23114,2.23121,2.22941,2.22844,2.22561,2.22487,2.22619,2.22526,2.2272,2.22729,2.23023,2.2303,2.23037,2.22945,2.22952,2.23041,2.22849,2.23413,2.23241,2.23799,2.23706,2.23808,2.23988,2.23913,2.23837,2.23572,2.2356,2.23487,2.23571,2.23309,2.23315,2.23149,2.23838,2.23579,2.23415,2.23589,2.23669,2.23414,2.23587,2.23517,2.23505,2.23327,2.23497,2.23339,2.23254,2.2353,2.23714,2.23467,2.23545,2.2355,2.23394,2.23487,2.23331,2.23336,2.23008,2.23,2.23006,2.23099,2.22775,2.22868,2.2343,2.23349,2.23354,2.23444,2.23857,2.23776,2.23864,2.23867,2.23857,2.24261,2.24263,2.24101,2.24022,2.23956,2.23878,2.23731,2.24398,2.24252,2.24107,2.24029,2.24112,2.24488,2.24556,2.24412,2.24863,2.24798,2.25244,2.25243,]
}
