{
"dep_polymers":	"Dimers",
"occupation_fraction_average":	0.668759,
"occupation_fraction_std":	0.00027354,
"pj_over_1_minus_q_avg":	0.835948,
"pj_over_1_minus_q_std":	0.000341925,
"occupation_fraction_std_history":	[0.000275103,0.000278834,0.000274675,0.000273693,0.00027354,]
}
