{
"dep_polymers":	"Squared",
"occupation_fraction_average":	0.69463,
"occupation_fraction_std":	0.0074132,
"pj_over_1_minus_q_avg":	0.731189,
"pj_over_1_minus_q_std":	0.00780337,
"occupation_fraction_std_history":	[0.00748523,0.00748555,0.00745431,0.00747917,0.0074797,0.00741412,0.00740525,0.00738486,0.00746196,0.00747321,0.00743107,0.00743029,0.00744034,0.00743156,0.00741678,0.00741264,0.00742516,0.00743384,0.00743196,0.0074364,0.00741786,0.00744454,0.00745739,0.00746538,0.00746266,0.00745555,0.00744951,0.00744179,0.00744655,0.00745371,0.00747113,0.00747204,0.00745566,0.00745052,0.00744534,0.0074388,0.00743642,0.00743324,0.00743441,0.00744037,0.0074425,0.0074342,0.00743294,0.00743436,0.00743079,0.00742808,0.00742334,0.00741732,0.00741784,0.00741365,0.00741257,0.00741189,0.00741001,0.00741115,0.00740926,0.00741356,0.00741823,0.00742199,0.00742112,0.00741296,0.00741024,0.00740933,0.00741419,0.00741107,0.00741003,0.00740963,0.00741463,0.00741378,0.00741213,0.00741243,0.00741227,0.00741249,0.00741171,0.00741317,0.0074132,]
}
