{
"dep_polymers":	"Squared",
"occupation_fraction_average":	0.247456,
"occupation_fraction_std":	0.00333695,
"pj_over_1_minus_q_avg":	0.618641,
"pj_over_1_minus_q_std":	0.00834238,
"occupation_fraction_std_history":	[0.00354876,0.00350474,0.00345671,0.0034302,0.00348752,0.00335936,0.00336388,0.00337279,0.00339511,0.00332388,0.00328645,0.00330104,0.0033257,0.00331563,0.00335606,0.00333754,0.00333695,]
}
