{
"dep_polymers":	"Dimers",
"occupation_fraction_average":	0.495675,
"occupation_fraction_std":	0.00395506,
"pj_over_1_minus_q_avg":	0.826125,
"pj_over_1_minus_q_std":	0.00659176,
"occupation_fraction_std_history":	[0.00399991,0.00387681,0.00389659,0.00384627,0.00381017,0.00380513,0.00379157,0.0038323,0.00383957,0.00385024,0.00389238,0.0038826,0.00389009,0.00390207,0.00391547,0.00392202,0.00393186,0.00392774,0.00396063,0.00395128,0.00395506,]
}
