{
"dep_polymers":	"Squared",
"occupation_fraction_average":	0.134815,
"occupation_fraction_std":	0.00305399,
"pj_over_1_minus_q_avg":	0.449382,
"pj_over_1_minus_q_std":	0.01018,
"occupation_fraction_std_history":	[0.00341743,0.00309416,0.00300214,0.00288371,0.00301809,0.00299341,0.00310107,0.00308107,0.00304927,0.00299927,0.00293652,0.00289781,0.00292641,0.00291822,0.00297803,0.00300341,0.00297585,0.002938,0.00296618,0.00305089,0.00304307,0.0030635,0.00305539,0.00306637,0.00308696,0.00309134,0.00307165,0.00305287,0.00304028,0.00305436,0.00305399,]
}
