{
"dep_polymers":	"Trimers",
"occupation_fraction_average":	0.207891,
"occupation_fraction_std":	0.000265087,
"pj_over_1_minus_q_avg":	0.692971,
"pj_over_1_minus_q_std":	0.000883624,
"occupation_fraction_std_history":	[0.000264664,0.000262706,0.000261906,0.000262484,0.000263234,0.00026121,0.000262748,0.000263312,0.000264178,0.000264823,0.000265366,0.000264616,0.000265015,0.000264183,0.00026489,0.000264138,0.00026377,0.000263125,0.000264389,0.000265037,0.000265087,]
}
