{
"dep_polymers":	"Dimers",
"occupation_fraction_average":	0.757794,
"occupation_fraction_std":	0.00014434,
"pj_over_1_minus_q_avg":	0.841993,
"pj_over_1_minus_q_std":	0.000160377,
"occupation_fraction_std_history":	[0.000152557,0.000149127,0.000145294,0.000143506,0.000143838,0.000143628,0.000143154,0.000142735,0.000142368,0.000142622,0.000142185,0.000143181,0.000144394,0.00014434,]
}
