{
"dep_polymers":	"Linear trimers",
"occupation_fraction_average":	0.685271,
"occupation_fraction_std":	0.00151018,
"pj_over_1_minus_q_avg":	0.761412,
"pj_over_1_minus_q_std":	0.00167798,
"occupation_fraction_std_history":	[0.00149378,0.00150242,0.00151552,0.00151089,0.00150268,0.00150262,0.00150806,0.00150382,0.00149922,0.00149436,0.00149405,0.00149795,0.00149596,0.00149437,0.00149481,0.00149007,0.0014939,0.00149549,0.00149369,0.00149839,0.00149719,0.00149627,0.00149704,0.00149858,0.00149914,0.00150097,0.00150193,0.00150354,0.00150471,0.00150457,0.00150674,0.00150765,0.00150901,0.00151052,0.00151027,0.00151017,0.00150928,0.00151019,0.00151018,]
}
