{
"dep_polymers":	"Linear trimers",
"occupation_fraction_average":	0.590827,
"occupation_fraction_std":	0.000429438,
"pj_over_1_minus_q_avg":	0.738534,
"pj_over_1_minus_q_std":	0.000536797,
"occupation_fraction_std_history":	[0.000435487,0.000438126,0.000435078,0.000429024,0.000421409,0.000414701,0.000416957,0.000418218,0.000423265,0.000425241,0.000429224,0.000429797,0.000431032,0.000429728,0.000430757,0.000429737,0.000429438,]
}
