{
"dep_polymers":	"Squared",
"occupation_fraction_average":	0.177954,
"occupation_fraction_std":	0.0020487,
"pj_over_1_minus_q_avg":	0.593179,
"pj_over_1_minus_q_std":	0.006829,
"occupation_fraction_std_history":	[0.00194722,0.00196849,0.00189773,0.00187159,0.00191538,0.00190653,0.00191939,0.00194829,0.00199839,0.00206992,0.00206399,0.00205068,0.00206135,0.00205064,0.00204058,0.00204566,0.00203656,0.00204768,0.0020487,]
}
