{
"dep_polymers":	"Squared",
"occupation_fraction_average":	0.0342898,
"occupation_fraction_std":	0.00190695,
"pj_over_1_minus_q_avg":	0.342898,
"pj_over_1_minus_q_std":	0.0190695,
"occupation_fraction_std_history":	[0.00115205,0.00180964,0.00211178,0.00195905,0.00190955,0.00188583,0.00179369,0.00181128,0.00177255,0.00181894,0.00178018,0.00176615,0.0017287,0.00177649,0.00175247,0.00173472,0.00185348,0.00191141,0.00193031,0.00192765,0.00191338,0.00193624,0.00196933,0.00197854,0.00198409,0.00196891,0.00195054,0.00193519,0.00192056,0.00192523,0.00195023,0.00193495,0.00193117,0.00192122,0.00190572,0.00190695,]
}
