{
"dep_polymers":	"Squared",
"occupation_fraction_average":	0.640532,
"occupation_fraction_std":	0.00368463,
"pj_over_1_minus_q_avg":	0.711702,
"pj_over_1_minus_q_std":	0.00409403,
"occupation_fraction_std_history":	[0.00363116,0.00363626,0.00370927,0.00368918,0.00371559,0.00370739,0.00371146,0.00369669,0.00370367,0.00369639,0.00369274,0.00367575,0.00366752,0.0036643,0.00366705,0.0036664,0.00366603,0.0036765,0.00367554,0.0036815,0.00368072,0.00367377,0.00367465,0.00367091,0.00367132,0.00367586,0.00367637,0.003677,0.0036753,0.00367954,0.00368348,0.00368593,0.00368396,0.00367938,0.00367867,0.00367621,0.00367897,0.0036814,0.00368104,0.00368146,0.00368247,0.00368349,0.00368669,0.00368464,0.00368463,]
}
