{
"dep_polymers":	"Linear trimers",
"occupation_fraction_average":	0.16954,
"occupation_fraction_std":	0.00449357,
"pj_over_1_minus_q_avg":	0.565134,
"pj_over_1_minus_q_std":	0.0149786,
"occupation_fraction_std_history":	[0.00471192,0.00486342,0.00505757,0.00493027,0.00482957,0.004759,0.00459406,0.00446938,0.00449786,0.00449357,]
}
