{
"dep_polymers":	"Trimers",
"occupation_fraction_average":	0.80416,
"occupation_fraction_std":	0.00537529,
"pj_over_1_minus_q_avg":	0.80416,
"pj_over_1_minus_q_std":	0.00537529,
"occupation_fraction_std_history":	[0.00514938,0.0052674,0.0053069,0.00528717,0.00530328,0.00537049,0.00537529,]
}
