{
"dep_polymers":	"Squared",
"occupation_fraction_average":	0.536597,
"occupation_fraction_std":	0.00181389,
"pj_over_1_minus_q_avg":	0.670746,
"pj_over_1_minus_q_std":	0.00226736,
"occupation_fraction_std_history":	[0.00175435,0.00178279,0.00181011,0.00179193,0.0017989,0.00180238,0.00180437,0.00179274,0.00180429,0.00181587,0.00182358,0.00181476,0.00182317,0.00181139,0.00181334,0.00180862,0.00181348,0.00181389,]
}
