{
"dep_polymers":	"Dimers",
"occupation_fraction_average":	0.492133,
"occupation_fraction_std":	0.00200674,
"pj_over_1_minus_q_avg":	0.820222,
"pj_over_1_minus_q_std":	0.00334457,
"occupation_fraction_std_history":	[0.00198202,0.00204391,0.00204987,0.0020412,0.00204416,0.00201947,0.00201544,0.00200777,0.00200081,0.00199679,0.00200297,0.00199749,0.00200766,0.00200674,]
}
