{
"dep_polymers":	"Dimers",
"occupation_fraction_average":	0.322633,
"occupation_fraction_std":	0.000919752,
"pj_over_1_minus_q_avg":	0.806581,
"pj_over_1_minus_q_std":	0.00229938,
"occupation_fraction_std_history":	[0.000937476,0.000915511,0.000912303,0.000928535,0.000926085,0.00092136,0.000918227,0.000928381,0.000919414,0.000919752,]
}
