{
"dep_polymers":	"Dimers",
"occupation_fraction_average":	0.759339,
"occupation_fraction_std":	0.0045648,
"pj_over_1_minus_q_avg":	0.84371,
"pj_over_1_minus_q_std":	0.005072,
"occupation_fraction_std_history":	[0.00443569,0.00448758,0.00459048,0.00457899,0.00459942,0.00456625,0.0045648,]
}
