{
"dep_polymers":	"Dimers",
"occupation_fraction_average":	0.758961,
"occupation_fraction_std":	0.000146746,
"pj_over_1_minus_q_avg":	0.84329,
"pj_over_1_minus_q_std":	0.000163051,
"occupation_fraction_std_history":	[0.0001462,0.00015252,0.000151586,0.000148908,0.000148075,0.000148368,0.00014669,0.000146253,0.000146769,0.000147102,0.00014766,0.000148027,0.000147705,0.000147111,0.000146611,0.000146746,]
}
