{
"dep_polymers":	"Trimers",
"occupation_fraction_average":	0.464236,
"occupation_fraction_std":	0.00265029,
"pj_over_1_minus_q_avg":	0.773727,
"pj_over_1_minus_q_std":	0.00441714,
"occupation_fraction_std_history":	[0.00248885,0.00253519,0.00251165,0.00256016,0.0025229,0.00255589,0.00263014,0.00270156,0.00268498,0.00267567,0.00268548,0.00269581,0.00268325,0.00266526,0.0026539,0.00265016,0.00264512,0.00265609,0.0026497,0.00265029,]
}
