{
"dep_polymers":	"Trimers",
"occupation_fraction_average":	0.717306,
"occupation_fraction_std":	0.00528128,
"pj_over_1_minus_q_avg":	0.797006,
"pj_over_1_minus_q_std":	0.00586809,
"occupation_fraction_std_history":	[0.00529095,0.00524857,0.00533916,0.00525854,0.00522301,0.00523635,0.00526121,0.00528498,0.00528128,]
}
