{
"dep_polymers":	"Dimers",
"occupation_fraction_average":	0.0776318,
"occupation_fraction_std":	0.00118924,
"pj_over_1_minus_q_avg":	0.776318,
"pj_over_1_minus_q_std":	0.0118924,
"occupation_fraction_std_history":	[0.00109996,0.00115062,0.00119156,0.00121194,0.00116919,0.001138,0.00117464,0.00117848,0.00117703,0.00116327,0.00118391,0.00116642,0.00118483,0.0011782,0.00118472,0.00117624,0.00118383,0.00117661,0.00119032,0.00118924,]
}
