{
"dep_polymers":	"Dimers",
"occupation_fraction_average":	0.242826,
"occupation_fraction_std":	0.000990677,
"pj_over_1_minus_q_avg":	0.80942,
"pj_over_1_minus_q_std":	0.00330226,
"occupation_fraction_std_history":	[0.00100467,0.00102347,0.000990314,0.000990677,]
}
