{
"dep_polymers":	"Linear trimers",
"occupation_fraction_average":	0.180289,
"occupation_fraction_std":	0.00129694,
"pj_over_1_minus_q_avg":	0.600963,
"pj_over_1_minus_q_std":	0.00432312,
"occupation_fraction_std_history":	[0.0013461,0.00123998,0.0012738,0.00128102,0.00133734,0.00133168,0.00133541,0.00134619,0.00132372,0.00132661,0.00133513,0.00132538,0.00131398,0.00130119,0.00129667,0.00129444,0.00129825,0.00129605,0.00129694,]
}
