{
"dep_polymers":	"Dimers",
"occupation_fraction_average":	0.760056,
"occupation_fraction_std":	0.00449986,
"pj_over_1_minus_q_avg":	0.844506,
"pj_over_1_minus_q_std":	0.00499985,
"occupation_fraction_std_history":	[0.00434591,0.00448744,0.00454259,0.00449809,0.00449986,]
}
