{
"dep_polymers":	"Linear trimers",
"occupation_fraction_average":	0.0451625,
"occupation_fraction_std":	0.00345708,
"pj_over_1_minus_q_avg":	0.451625,
"pj_over_1_minus_q_std":	0.0345708,
"occupation_fraction_std_history":	[0.00278348,0.00315921,0.00322011,0.00326097,0.00329699,0.00312518,0.00303765,0.00294456,0.00295153,0.00299176,0.00298197,0.00296082,0.00298614,0.00297365,0.00311597,0.00306619,0.0030584,0.00307134,0.00321747,0.0033188,0.00334822,0.00341841,0.00339121,0.00336614,0.00341551,0.00344556,0.00343709,0.00346285,0.00345489,0.00345913,0.00345708,]
}
