{
"dep_polymers":	"Dimers",
"occupation_fraction_average":	0.318808,
"occupation_fraction_std":	0.00176553,
"pj_over_1_minus_q_avg":	0.797021,
"pj_over_1_minus_q_std":	0.00441383,
"occupation_fraction_std_history":	[0.00188074,0.00178972,0.00185873,0.00184098,0.00182803,0.00183598,0.00182689,0.0018076,0.00180449,0.00181153,0.00181672,0.00180749,0.0017992,0.00178753,0.00179839,0.00178804,0.00177513,0.0017657,0.00177348,0.00176709,0.00176553,]
}
