{
"dep_polymers":	"Squared",
"occupation_fraction_average":	0.321188,
"occupation_fraction_std":	0.00323699,
"pj_over_1_minus_q_avg":	0.642376,
"pj_over_1_minus_q_std":	0.00647397,
"occupation_fraction_std_history":	[0.00287812,0.00311597,0.00298547,0.0030768,0.00311932,0.00326069,0.00318242,0.00317009,0.00318944,0.00316892,0.0031378,0.00320168,0.00329159,0.00324926,0.00326217,0.00324453,0.0032555,0.00323803,0.00323699,]
}
