{
"dep_polymers":	"Squared",
"occupation_fraction_average":	0.645277,
"occupation_fraction_std":	0.00192927,
"pj_over_1_minus_q_avg":	0.716974,
"pj_over_1_minus_q_std":	0.00214364,
"occupation_fraction_std_history":	[0.00196863,0.00192739,0.00189991,0.00192662,0.001929,0.00192235,0.00193175,0.001934,0.00192922,0.00192726,0.00192897,0.00192889,0.00194263,0.00193963,0.00193814,0.00193529,0.00193323,0.00193245,0.00193623,0.0019349,0.001934,0.00192834,0.00192776,0.00192646,0.00192485,0.00192645,0.00192487,0.0019254,0.00192575,0.00192813,0.00192902,0.00193241,0.0019328,0.00193372,0.00193517,0.00193529,0.00193483,0.00193439,0.00193538,0.00193562,0.00193637,0.00193717,0.00193766,0.00193591,0.00193605,0.00193676,0.00193724,0.00193615,0.00193547,0.00193454,0.00193623,0.00193656,0.00193555,0.00193577,0.00193489,0.00193537,0.00193332,0.00193303,0.00193366,0.00193318,0.00193214,0.00193127,0.00193037,0.0019302,0.00192999,0.00193009,0.00193018,0.00193092,0.00193072,0.00193236,0.00193089,0.00193035,0.00192925,0.00192927,]
}
