{
"dep_polymers":	"Trimers",
"occupation_fraction_average":	0.759783,
"occupation_fraction_std":	0.00133079,
"pj_over_1_minus_q_avg":	0.799772,
"pj_over_1_minus_q_std":	0.00140084,
"occupation_fraction_std_history":	[0.00130567,0.00131145,0.00132292,0.00133356,0.00133195,0.00132877,0.00133726,0.00133779,0.00133615,0.00134221,0.00133461,0.00133465,0.00133421,0.00133582,0.00133473,0.00133467,0.00133694,0.00133778,0.00133626,0.00133656,0.00133795,0.00133369,0.00133397,0.00133549,0.00133645,0.00133517,0.00133474,0.00133392,0.00133198,0.00133209,0.00133077,0.00133146,0.00133095,0.00133003,0.0013311,0.00133078,0.00133187,0.00133106,0.00133133,0.00133156,0.00133161,0.00133127,0.00133149,0.0013308,0.00133079,]
}
