{
"dep_polymers":	"Linear trimers",
"occupation_fraction_average":	0.329892,
"occupation_fraction_std":	0.00607331,
"pj_over_1_minus_q_avg":	0.659784,
"pj_over_1_minus_q_std":	0.0121466,
"occupation_fraction_std_history":	[0.00480741,0.00460933,0.00542453,0.00532932,0.00609416,0.00637222,0.00634352,0.00664849,0.0065047,0.00662385,0.00651711,0.00640844,0.00633028,0.0065059,0.00640732,0.00633894,0.00641455,0.00640465,0.00637467,0.00629343,0.00622732,0.00621374,0.0061884,0.00614255,0.0061146,0.00610841,0.00606819,0.00607331,]
}
