{
"dep_polymers":	"Dimers",
"occupation_fraction_average":	0.804216,
"occupation_fraction_std":	0.00115091,
"pj_over_1_minus_q_avg":	0.846543,
"pj_over_1_minus_q_std":	0.00121149,
"occupation_fraction_std_history":	[0.00117655,0.00117596,0.00115873,0.00115756,0.00115391,0.00116406,0.00116323,0.00116635,0.0011588,0.00115915,0.00115699,0.00115259,0.00115244,0.00115347,0.00115215,0.00115181,0.00115002,0.00115092,0.0011505,0.00115114,0.00115021,0.00114745,0.00114668,0.00114856,0.00114954,0.00114795,0.00114792,0.00114989,0.00115092,0.00115091,]
}
