{
"dep_polymers":	"Squared",
"occupation_fraction_average":	0.747916,
"occupation_fraction_std":	0.000914217,
"pj_over_1_minus_q_avg":	0.747916,
"pj_over_1_minus_q_std":	0.000914217,
"occupation_fraction_std_history":	[0.000895571,0.000908626,0.000895907,0.000894398,0.000903622,0.000905468,0.000908169,0.000913416,0.000914892,0.000914217,]
}
