{
"dep_polymers":	"Squared",
"occupation_fraction_average":	0.146371,
"occupation_fraction_std":	0.000405591,
"pj_over_1_minus_q_avg":	0.487903,
"pj_over_1_minus_q_std":	0.00135197,
"occupation_fraction_std_history":	[0.000408199,0.000405696,0.000405591,]
}
