{
"dep_polymers":	"Trimers",
"occupation_fraction_average":	0.804201,
"occupation_fraction_std":	0.00135781,
"pj_over_1_minus_q_avg":	0.804201,
"pj_over_1_minus_q_std":	0.00135781,
"occupation_fraction_std_history":	[0.00134185,0.00132676,0.0013397,0.00136729,0.00135782,0.00135781,]
}
