{
"dep_polymers":	"Trimers",
"occupation_fraction_average":	0.294826,
"occupation_fraction_std":	0.00442115,
"pj_over_1_minus_q_avg":	0.737066,
"pj_over_1_minus_q_std":	0.0110529,
"occupation_fraction_std_history":	[0.00431871,0.00443076,0.00477246,0.00465153,0.00467516,0.00461748,0.00458922,0.00461094,0.00456208,0.00453513,0.00456405,0.00451489,0.00446851,0.00450855,0.0044757,0.00443919,0.00441599,0.00439656,0.00445822,0.00447392,0.0044509,0.00443277,0.00442133,0.00442115,]
}
