{
"dep_polymers":	"Dimers",
"occupation_fraction_average":	0.803168,
"occupation_fraction_std":	0.0023031,
"pj_over_1_minus_q_avg":	0.84544,
"pj_over_1_minus_q_std":	0.00242431,
"occupation_fraction_std_history":	[0.00225473,0.00228992,0.00229988,0.00229531,0.00227244,0.0022763,0.00227164,0.00227983,0.00227746,0.00228869,0.00229786,0.00229585,0.00229543,0.00229566,0.00230003,0.00230296,0.00230442,0.00230331,0.00230046,0.00230308,0.0023031,]
}
