{
"dep_polymers":	"Trimers",
"occupation_fraction_average":	0.0636068,
"occupation_fraction_std":	0.000852212,
"pj_over_1_minus_q_avg":	0.636068,
"pj_over_1_minus_q_std":	0.00852212,
"occupation_fraction_std_history":	[0.000910456,0.000915282,0.000859104,0.00084266,0.00083921,0.000833638,0.000840022,0.000845452,0.000854559,0.000846946,0.000849506,0.000840206,0.000832082,0.000827886,0.000825472,0.000829999,0.000827263,0.000838895,0.000837961,0.00084418,0.000846224,0.000854611,0.000857138,0.00085214,0.000852212,]
}
