{
"dep_polymers":	"Linear trimers",
"occupation_fraction_average":	0.279006,
"occupation_fraction_std":	0.0034535,
"pj_over_1_minus_q_avg":	0.697515,
"pj_over_1_minus_q_std":	0.00863374,
"occupation_fraction_std_history":	[0.00268341,0.00330957,0.00318295,0.00306045,0.00300826,0.00305188,0.00308849,0.00318178,0.00328975,0.00332751,0.00327979,0.00324713,0.00326243,0.00328541,0.0033645,0.00339768,0.00337404,0.00345472,0.0034535,]
}
