{
"dep_polymers":	"Linear trimers",
"occupation_fraction_average":	0.277528,
"occupation_fraction_std":	0.0052978,
"pj_over_1_minus_q_avg":	0.69382,
"pj_over_1_minus_q_std":	0.0132445,
"occupation_fraction_std_history":	[0.00525873,0.00511482,0.00561024,0.00531875,0.00529604,0.0052978,]
}
