{
"dep_polymers":	"Dimers",
"occupation_fraction_average":	0.0742773,
"occupation_fraction_std":	0.00115469,
"pj_over_1_minus_q_avg":	0.742773,
"pj_over_1_minus_q_std":	0.0115469,
"occupation_fraction_std_history":	[0.00107867,0.00127043,0.00117076,0.00118158,0.00127056,0.00136359,0.00130759,0.00128,0.00125905,0.00125029,0.00122983,0.00121317,0.00120911,0.00119548,0.00119678,0.00119237,0.00117745,0.00116549,0.00117728,0.00116339,0.00115732,0.00114774,0.00114573,0.00114415,0.00114161,0.0011545,0.00115469,]
}
