{
"dep_polymers":	"Trimers",
"occupation_fraction_average":	0.627356,
"occupation_fraction_std":	0.00512692,
"pj_over_1_minus_q_avg":	0.784195,
"pj_over_1_minus_q_std":	0.00640865,
"occupation_fraction_std_history":	[0.00500189,0.00518308,0.00516467,0.00509179,0.00512703,0.00512692,]
}
