{ 
"defperc_count":	49130,
"defperc_avg":	0.393267,
"atmperc_count":	124927,
"atmperc_avg":	0.999992
}
