{
"dep_polymers":	"Trimers",
"occupation_fraction_average":	0.0691645,
"occupation_fraction_std":	0.00047945,
"pj_over_1_minus_q_avg":	0.691645,
"pj_over_1_minus_q_std":	0.0047945,
"occupation_fraction_std_history":	[0.000484937,0.000471451,0.000466205,0.000470041,0.000464019,0.000470631,0.000468752,0.00046995,0.000468959,0.000475897,0.000476885,0.000475234,0.000479025,0.000479505,0.000478924,0.000480717,0.000479067,0.00047945,]
}
