{
"dep_polymers":	"Linear trimers",
"occupation_fraction_average":	0.343434,
"occupation_fraction_std":	0.0169657,
"pj_over_1_minus_q_avg":	0.686868,
"pj_over_1_minus_q_std":	0.0339314,
"occupation_fraction_std_history":	[0.0130104,0.0113632,0.011122,0.0106612,0.010623,0.0121577,0.0115517,0.0125541,0.0123252,0.0120244,0.0121545,0.0121636,0.0117529,0.0120529,0.0119992,0.0116869,0.011518,0.0116072,0.0115504,0.0114084,0.0112443,0.0112331,0.0111595,0.0116907,0.0116528,0.0116289,0.0119235,0.0118782,0.011856,0.0117436,0.0118295,0.0117072,0.0116273,0.0115318,0.0116222,0.0115513,0.0114686,0.0114381,0.0116443,0.0117418,0.0117298,0.0118309,0.0118149,0.011724,0.0118305,0.0117436,0.0117171,0.0118387,0.0119527,0.0119137,0.0118308,0.011844,0.0118416,0.0119913,0.0121222,0.0125102,0.0126174,0.0127082,0.0126957,0.0126754,0.0128483,0.0129882,0.0129538,0.0130264,0.0131511,0.013126,0.0131982,0.0132554,0.0133887,0.0134854,0.0135223,0.0134608,0.0135397,0.0135552,0.0135169,0.0135501,0.0136035,0.0136226,0.0137233,0.0136936,0.013661,0.0136783,0.0136284,0.0136297,0.0136809,0.0136353,0.0135815,0.0135382,0.0135138,0.0135995,0.013631,0.0135995,0.0135529,0.0135684,0.0135566,0.0135527,0.0135181,0.0134924,0.0134567,0.0135701,0.0136204,0.0136098,0.0135753,0.0135497,0.0136161,0.0136419,0.0136665,0.0137197,0.0137243,0.0137215,0.0136758,0.0136524,0.0136773,0.0136537,0.0136235,0.0136332,0.0136184,0.013668,0.0137251,0.0137535,0.013757,0.0137449,0.0137038,0.0136829,0.0137264,0.0137391,0.0137342,0.0137058,0.013681,0.0136832,0.013679,0.0137006,0.0137793,0.0138965,0.0139567,0.0140752,0.0141497,0.0142486,0.0142844,0.0143942,0.0145504,0.0145234,0.014507,0.0144877,0.0145234,0.0145648,0.0145546,0.0145597,0.0146052,0.014588,0.0146074,0.0146309,0.0146538,0.0146536,0.0146702,0.0146363,0.014686,0.0147925,0.0148077,0.0148529,0.0148553,0.0148578,0.0149415,0.0149585,0.0149399,0.0149204,0.0148916,0.0149821,0.0149604,0.0150082,0.0150001,0.0149919,0.0149752,0.0149665,0.0150139,0.0150634,0.0150664,0.0150887,0.0151494,0.0151703,0.0152038,0.0151765,0.0152208,0.0152063,0.015236,0.0152468,0.0152885,0.0153229,0.0153475,0.0154185,0.0154083,0.0154334,0.0154755,0.0154624,0.015469,0.0154651,0.0154705,0.0154915,0.0154671,0.0154779,0.0154824,0.0154636,0.0154404,0.0154288,0.0153976,0.0153933,0.0153747,0.0153872,0.0154036,0.015391,0.0154078,0.0154094,0.0154272,0.0154732,0.0155496,0.0155489,0.0155883,0.0156561,0.0156672,0.0157108,0.0157445,0.0157251,0.0157484,0.0157623,0.015837,0.0158777,0.015889,0.015909,0.0159293,0.0160113,0.0159968,0.0160195,0.0160747,0.0161308,0.0161351,0.0161635,0.016201,0.0162062,0.0162384,0.0162289,0.0162303,0.0162596,0.0162421,0.016266,0.0162657,0.0163013,0.0163542,0.0163665,0.0163575,0.0163728,0.0163921,0.0164004,0.0163992,0.0163978,0.0164079,0.0164373,0.0164137,0.0164057,0.0164139,0.0164401,0.0164819,0.0165022,0.0165,0.0165386,0.01653,0.0165392,0.016547,0.0165629,0.0165421,0.0165419,0.0165821,0.0165925,0.0166122,0.0166353,0.0166599,0.0166526,0.0166597,0.0166665,0.0166909,0.0166844,0.0167197,0.0167255,0.0167127,0.0167114,0.0167261,0.0167359,0.0167544,0.0167468,0.0168037,0.0168131,0.0168062,0.0168125,0.0168354,0.0168313,0.016849,0.0168498,0.0168495,0.016847,0.0168464,0.0168415,0.0169181,0.016904,0.0169111,0.0169179,0.0169327,0.0169324,0.0169348,0.0169132,0.016939,0.0169314,0.0169217,0.0169487,0.0169459,0.0169446,0.0169419,0.0169394,0.0169592,0.0169387,0.016929,0.0169396,0.01694,0.0169216,0.0169091,0.0168885,0.0168895,0.0169941,0.0169752,0.0169908,0.0169939,0.0169948,0.0169777,0.0169658,0.0169657,]
}
