{
"dep_polymers":	"Trimers",
"occupation_fraction_average":	0.627088,
"occupation_fraction_std":	0.00258647,
"pj_over_1_minus_q_avg":	0.78386,
"pj_over_1_minus_q_std":	0.00323309,
"occupation_fraction_std_history":	[0.00258821,0.00261801,0.00259508,0.00262256,0.00261269,0.00257613,0.00257618,0.00258082,0.00258921,0.00258725,0.00258885,0.00259551,0.00258594,0.0025902,0.00259611,0.0025972,0.00259346,0.00259139,0.00259183,0.00259088,0.00259015,0.00258912,0.00259264,0.00259299,0.00259046,0.00258944,0.00258893,0.00258723,0.00258899,0.00258734,0.00258741,0.00258803,0.00258978,0.00258815,0.00258635,0.00258587,0.00258713,0.00258926,0.00258776,0.00258637,0.00258713,0.00258545,0.00258569,0.00258514,0.00258499,0.00258568,0.00258665,0.00258858,0.00258755,0.00258802,0.00258672,0.00258614,0.00258627,0.00258646,0.00258647,]
}
