{
"dep_polymers":	"Trimers",
"occupation_fraction_average":	0.0678361,
"occupation_fraction_std":	0.00294395,
"pj_over_1_minus_q_avg":	0.678361,
"pj_over_1_minus_q_std":	0.0294395,
"occupation_fraction_std_history":	[0.00227048,0.00234146,0.00257168,0.00259248,0.0029206,0.00290864,0.00300854,0.0030012,0.00307107,0.00304153,0.00300676,0.00308103,0.00317081,0.00310167,0.00310507,0.00308829,0.00305517,0.00301871,0.00299655,0.00299316,0.00295355,0.00293599,0.0029209,0.0029026,0.00292405,0.00290747,0.00292362,0.00294202,0.00295256,0.00293545,0.00291342,0.0029242,0.0029545,0.00296564,0.00296892,0.00295399,0.00294349,0.00294395,]
}
