{
"dep_polymers":	"Trimers",
"occupation_fraction_average":	0.0682242,
"occupation_fraction_std":	0.00288084,
"pj_over_1_minus_q_avg":	0.682242,
"pj_over_1_minus_q_std":	0.0288084,
"occupation_fraction_std_history":	[0.00215682,0.0024562,0.00257815,0.00295029,0.00303722,0.00289559,0.00283127,0.00277563,0.00274455,0.0028201,0.00307694,0.0030238,0.00297177,0.00294206,0.00289835,0.00286843,0.00284385,0.00282116,0.00289562,0.00286632,0.00288975,0.00289978,0.00288176,0.00288084,]
}
