{
"dep_polymers":	"Squared",
"occupation_fraction_average":	0.111774,
"occupation_fraction_std":	0.00175078,
"pj_over_1_minus_q_avg":	0.558869,
"pj_over_1_minus_q_std":	0.0087539,
"occupation_fraction_std_history":	[0.00194327,0.00183967,0.00179858,0.00176262,0.00178795,0.0018261,0.0018092,0.00180599,0.00181741,0.00181417,0.00179391,0.00178475,0.00177362,0.00176834,0.00175223,0.00175078,]
}
