{
"dep_polymers":	"Trimers",
"occupation_fraction_average":	0.300424,
"occupation_fraction_std":	0.00417003,
"pj_over_1_minus_q_avg":	0.751059,
"pj_over_1_minus_q_std":	0.0104251,
"occupation_fraction_std_history":	[0.00402901,0.00420233,0.00427618,0.00424081,0.00416937,0.00412505,0.00409892,0.00412521,0.00410624,0.00420958,0.00417634,0.00421029,0.00418313,0.00416683,0.00417532,0.00419152,0.00422512,0.00420058,0.00417379,0.00417003,]
}
