{
"dep_polymers":	"Linear trimers",
"occupation_fraction_average":	0.200243,
"occupation_fraction_std":	0.00543507,
"pj_over_1_minus_q_avg":	0.667477,
"pj_over_1_minus_q_std":	0.0181169,
"occupation_fraction_std_history":	[0.00382236,0.00489565,0.00498087,0.00564048,0.00570062,0.00567154,0.00587022,0.00591647,0.00580457,0.00565113,0.00555806,0.00559632,0.00551876,0.00546559,0.00537594,0.00541971,0.00564659,0.00559606,0.00551298,0.00544477,0.00540962,0.00540119,0.0054492,0.0054372,0.00543507,]
}
