{
"dep_polymers":	"Squared",
"occupation_fraction_average":	0.747918,
"occupation_fraction_std":	0.00730154,
"pj_over_1_minus_q_avg":	0.747918,
"pj_over_1_minus_q_std":	0.00730154,
"occupation_fraction_std_history":	[0.00698562,0.00742367,0.00739763,0.00728189,0.00725415,0.00726559,0.00724881,0.00730965,0.00735062,0.00732528,0.00728061,0.00726462,0.00725461,0.00726899,0.00725222,0.00727156,0.00729957,0.00730154,]
}
