{
"dep_polymers":	"Linear trimers",
"occupation_fraction_average":	0.690962,
"occupation_fraction_std":	0.000845661,
"pj_over_1_minus_q_avg":	0.767736,
"pj_over_1_minus_q_std":	0.000939623,
"occupation_fraction_std_history":	[0.000886441,0.000872506,0.000868536,0.000860124,0.000858473,0.000850117,0.000845633,0.000845661,]
}
