{
"dep_polymers":	"Squared",
"occupation_fraction_average":	0.0419886,
"occupation_fraction_std":	0.00410067,
"pj_over_1_minus_q_avg":	0.419886,
"pj_over_1_minus_q_std":	0.0410067,
"occupation_fraction_std_history":	[0.00209739,0.00295759,0.0029431,0.0032531,0.00326344,0.00334491,0.00336673,0.00328372,0.00378866,0.00403497,0.00395219,0.00389028,0.00385717,0.00413856,0.00420179,0.00419042,0.00410187,0.00410067,]
}
