{
"dep_polymers":	"Squared",
"occupation_fraction_average":	0.47643,
"occupation_fraction_std":	0.00805174,
"pj_over_1_minus_q_avg":	0.680615,
"pj_over_1_minus_q_std":	0.0115025,
"occupation_fraction_std_history":	[0.0082891,0.00804268,0.00774741,0.007587,0.00756858,0.00771502,0.007835,0.00782114,0.00773025,0.00783796,0.0078561,0.00791594,0.00783231,0.00789728,0.00799365,0.00801169,0.00799534,0.0079527,0.00798365,0.00805992,0.00804907,0.00805174,]
}
