{ 
"defperc_count":	22058,
"defperc_avg":	0.336578,
"atmperc_count":	59011,
"atmperc_avg":	0.900436
}
