{
"dep_polymers":	"Linear trimers",
"occupation_fraction_average":	0.420266,
"occupation_fraction_std":	0.00036744,
"pj_over_1_minus_q_avg":	0.700444,
"pj_over_1_minus_q_std":	0.0006124,
"occupation_fraction_std_history":	[0.000366562,0.000371249,0.000367362,0.000365139,0.000361349,0.000364709,0.000367109,0.00036744,]
}
