{
"dep_polymers":	"Trimers",
"occupation_fraction_average":	0.283698,
"occupation_fraction_std":	0.00438343,
"pj_over_1_minus_q_avg":	0.709246,
"pj_over_1_minus_q_std":	0.0109586,
"occupation_fraction_std_history":	[0.00385212,0.00391866,0.00422364,0.00424118,0.00417446,0.00418321,0.00415447,0.00436008,0.00433605,0.00444069,0.00440664,0.00438073,0.00443888,0.00442997,0.00440843,0.00438217,0.00438343,]
}
