{
"dep_polymers":	"Squared",
"occupation_fraction_average":	0.551669,
"occupation_fraction_std":	0.00748273,
"pj_over_1_minus_q_avg":	0.689586,
"pj_over_1_minus_q_std":	0.00935341,
"occupation_fraction_std_history":	[0.00769974,0.00780032,0.0081779,0.00795202,0.0077723,0.00772523,0.00768123,0.00787611,0.00782443,0.00774973,0.00770054,0.00766194,0.00762201,0.00758236,0.00756366,0.0075368,0.00750145,0.00751317,0.00750121,0.00748098,0.00751113,0.00750112,0.00749392,0.00748485,0.00747717,0.00745679,0.00745322,0.00744847,0.00747584,0.00751392,0.00750119,0.00748877,0.00747873,0.00748666,0.00748765,0.00747961,0.00747229,0.0074596,0.00746168,0.00745065,0.00745025,0.00745134,0.00749623,0.00749358,0.00749039,0.00747753,0.00748963,0.00749825,0.0074874,0.00748179,0.00748544,0.00748351,0.00750744,0.00751401,0.00751007,0.00750407,0.00750216,0.00749425,0.00751969,0.00751073,0.0075047,0.00749641,0.00748675,0.00749382,0.00749294,0.00749619,0.00749052,0.00748585,0.0074817,0.00748154,0.00748676,0.00748759,0.00750045,0.00749691,0.00749725,0.00749372,0.00749424,0.00749584,0.00749917,0.00749737,0.00749463,0.00749157,0.00749441,0.00749634,0.00749479,0.00749214,0.00748642,0.00748177,0.00747885,0.00748121,0.00747739,0.00747684,0.00747193,0.00746619,0.00746407,0.00746983,0.00747538,0.00747369,0.00747044,0.00746746,0.00747424,0.00747888,0.00747621,0.00747896,0.00748659,0.00748742,0.00748272,0.00748273,]
}
