{
"dep_polymers":	"Trimers",
"occupation_fraction_average":	0.380856,
"occupation_fraction_std":	0.00496314,
"pj_over_1_minus_q_avg":	0.761713,
"pj_over_1_minus_q_std":	0.00992628,
"occupation_fraction_std_history":	[0.00411771,0.00416623,0.00440397,0.00445761,0.00456662,0.00491341,0.00496275,0.00498674,0.00493558,0.00494714,0.0049606,0.00496314,]
}
