{
"dep_polymers":	"Trimers",
"occupation_fraction_average":	0.366224,
"occupation_fraction_std":	0.000296822,
"pj_over_1_minus_q_avg":	0.732448,
"pj_over_1_minus_q_std":	0.000593643,
"occupation_fraction_std_history":	[0.000286102,0.000294322,0.000297548,0.00029702,0.000296822,]
}
