{
"dep_polymers":	"Trimers",
"occupation_fraction_average":	0.625514,
"occupation_fraction_std":	0.00520062,
"pj_over_1_minus_q_avg":	0.781893,
"pj_over_1_minus_q_std":	0.00650078,
"occupation_fraction_std_history":	[0.00512124,0.00514631,0.00516015,0.0051643,0.00519877,0.00517721,0.00516317,0.00517236,0.00518136,0.00516913,0.00516886,0.0051709,0.00516822,0.0051829,0.00519419,0.00518084,0.00519175,0.00519152,0.00520742,0.00520291,0.00519618,0.00520109,0.00520058,0.00520062,]
}
