{
"dep_polymers":	"Dimers",
"occupation_fraction_average":	0.146963,
"occupation_fraction_std":	0.000366315,
"pj_over_1_minus_q_avg":	0.734817,
"pj_over_1_minus_q_std":	0.00183157,
"occupation_fraction_std_history":	[0.000342814,0.000346252,0.000357388,0.000363177,0.000366668,0.000366315,]
}
