{
"dep_polymers":	"Squared",
"occupation_fraction_average":	0.0349136,
"occupation_fraction_std":	0.00376859,
"pj_over_1_minus_q_avg":	0.349136,
"pj_over_1_minus_q_std":	0.0376859,
"occupation_fraction_std_history":	[0.00292434,0.00307438,0.00311121,0.00421581,0.00399113,0.00378506,0.00379692,0.00387574,0.00423674,0.00417762,0.00411543,0.00400518,0.00391709,0.00383027,0.00374768,0.00376936,0.00376859,]
}
