{ 
"defperc_count":	134125,
"defperc_avg":	0.511646,
"atmperc_count":	262143,
"atmperc_avg":	0.999996
}
