{
"dep_polymers":	"Squared",
"occupation_fraction_average":	0.692017,
"occupation_fraction_std":	0.000490267,
"pj_over_1_minus_q_avg":	0.728439,
"pj_over_1_minus_q_std":	0.000516071,
"occupation_fraction_std_history":	[0.000462714,0.000463364,0.000480452,0.000487454,0.000496085,0.000497272,0.000495826,0.000494383,0.000491324,0.000492394,0.000491638,0.000488468,0.000489784,0.000490267,]
}
