{
"dep_polymers":	"Squared",
"occupation_fraction_average":	0.543463,
"occupation_fraction_std":	0.000624306,
"pj_over_1_minus_q_avg":	0.679329,
"pj_over_1_minus_q_std":	0.000780383,
"occupation_fraction_std_history":	[0.0006257,0.00060532,0.000607085,0.000613618,0.000625456,0.000635296,0.000629767,0.000626062,0.000623497,0.000621024,0.000617529,0.000625641,0.000623763,0.000626102,0.000624078,0.000621379,0.000617212,0.000616054,0.000615418,0.000616861,0.000615291,0.000616627,0.000615853,0.000617775,0.000618429,0.00061763,0.000618659,0.000623652,0.000626003,0.000625357,0.00062443,0.000624306,]
}
