{
"dep_polymers":	"Trimers",
"occupation_fraction_average":	0.283234,
"occupation_fraction_std":	0.00109917,
"pj_over_1_minus_q_avg":	0.708085,
"pj_over_1_minus_q_std":	0.00274793,
"occupation_fraction_std_history":	[0.00106417,0.00109205,0.00108679,0.0010734,0.00107673,0.0010971,0.00109293,0.0010989,0.00109917,]
}
