{ 
"defperc_count":	11909,
"defperc_avg":	0.363434,
"atmperc_count":	29507,
"atmperc_avg":	0.900482
}
