{
"dep_polymers":	"Squared",
"occupation_fraction_average":	0.694664,
"occupation_fraction_std":	0.00187136,
"pj_over_1_minus_q_avg":	0.731225,
"pj_over_1_minus_q_std":	0.00196985,
"occupation_fraction_std_history":	[0.00188619,0.00187279,0.00186792,0.00186707,0.00187975,0.00189422,0.00189349,0.00189524,0.0018889,0.00188387,0.00187901,0.00188231,0.0018815,0.00188282,0.00188329,0.00188028,0.00188109,0.00188166,0.00187994,0.00187805,0.00187968,0.00187701,0.00187463,0.00187319,0.00187245,0.00187227,0.00187308,0.00187039,0.0018694,0.00187102,0.00187154,0.00187136,0.00187136,]
}
