{
"dep_polymers":	"Dimers",
"occupation_fraction_average":	0.0772792,
"occupation_fraction_std":	0.00211795,
"pj_over_1_minus_q_avg":	0.772792,
"pj_over_1_minus_q_std":	0.0211795,
"occupation_fraction_std_history":	[0.00196777,0.00190457,0.00188113,0.00186375,0.00228417,0.00224658,0.00225548,0.00224129,0.00225355,0.00253169,0.00251487,0.00247497,0.00242185,0.00238374,0.00234706,0.00233678,0.00230353,0.00229567,0.00227724,0.00226248,0.00223374,0.002212,0.00221751,0.00222391,0.00221924,0.00220323,0.00218867,0.0021995,0.00219714,0.00219207,0.00218377,0.00216766,0.00215399,0.00213978,0.00212295,0.00213533,0.00213105,0.0021179,0.00211795,]
}
