{
"dep_polymers":	"Trimers",
"occupation_fraction_average":	0.714166,
"occupation_fraction_std":	0.000175347,
"pj_over_1_minus_q_avg":	0.793518,
"pj_over_1_minus_q_std":	0.00019483,
"occupation_fraction_std_history":	[0.000181023,0.00017191,0.00017413,0.000175479,0.000175347,]
}
