{ 
"defperc_count":	220365,
"defperc_avg":	0.420313,
"atmperc_count":	503004,
"atmperc_avg":	0.959404
}
