{ 
"defperc_count":	214530,
"defperc_avg":	0.409184,
"atmperc_count":	502311,
"atmperc_avg":	0.958082
}
