{
"dep_polymers":	"Linear trimers",
"occupation_fraction_average":	0.73211,
"occupation_fraction_std":	0.0061021,
"pj_over_1_minus_q_avg":	0.770642,
"pj_over_1_minus_q_std":	0.00642326,
"occupation_fraction_std_history":	[0.00610285,0.00618046,0.00617393,0.00621065,0.00625703,0.00623592,0.00625087,0.00621531,0.00619661,0.00617907,0.00616413,0.00616015,0.00616267,0.00615775,0.00615584,0.00614626,0.00614012,0.00612884,0.0061253,0.00612579,0.00612624,0.00613628,0.00613208,0.00614239,0.0061332,0.00612614,0.00611809,0.00611755,0.00611144,0.00611083,0.00610299,0.00610213,0.0061021,]
}
