{
"dep_polymers":	"Linear trimers",
"occupation_fraction_average":	0.203524,
"occupation_fraction_std":	0.0014653,
"pj_over_1_minus_q_avg":	0.678413,
"pj_over_1_minus_q_std":	0.00488434,
"occupation_fraction_std_history":	[0.00148359,0.0014469,0.00147402,0.00146381,0.00147101,0.00145626,0.00146926,0.00146397,0.0014653,]
}
