{
"dep_polymers":	"Dimers",
"occupation_fraction_average":	0.2427,
"occupation_fraction_std":	0.00175716,
"pj_over_1_minus_q_avg":	0.809001,
"pj_over_1_minus_q_std":	0.00585719,
"occupation_fraction_std_history":	[0.00143204,0.00175197,0.00174616,0.00171275,0.00171591,0.0017039,0.00168327,0.00166672,0.00167304,0.00168951,0.00171455,0.00170347,0.00169985,0.00169096,0.00171948,0.00174591,0.00173711,0.00173024,0.00176468,0.00176079,0.00174913,0.00175638,0.00176003,0.00176536,0.00176754,0.00176946,0.00176728,0.00176361,0.00175728,0.00175716,]
}
