{
"dep_polymers":	"Trimers",
"occupation_fraction_average":	0.715827,
"occupation_fraction_std":	0.000176642,
"pj_over_1_minus_q_avg":	0.795363,
"pj_over_1_minus_q_std":	0.000196269,
"occupation_fraction_std_history":	[0.000184378,0.000185391,0.000179941,0.000178818,0.000179728,0.000178841,0.000176807,0.000177673,0.000176424,0.000175518,0.000174603,0.000176422,0.000175819,0.00017663,0.000176642,]
}
