{
"dep_polymers":	"Linear trimers",
"occupation_fraction_average":	0.179818,
"occupation_fraction_std":	0.0053353,
"pj_over_1_minus_q_avg":	0.599392,
"pj_over_1_minus_q_std":	0.0177843,
"occupation_fraction_std_history":	[0.00395848,0.00465594,0.004846,0.00457433,0.00467307,0.00456493,0.00455992,0.00492726,0.00497618,0.00494169,0.00513347,0.00528122,0.00523561,0.00530097,0.00544632,0.00534531,0.00525634,0.00532721,0.00529149,0.00523588,0.00518227,0.00528207,0.00551401,0.00546526,0.00545645,0.00542108,0.0053593,0.00537429,0.00534838,0.00531673,0.0053356,0.0053353,]
}
