{
"dep_polymers":	"Linear trimers",
"occupation_fraction_average":	0.685224,
"occupation_fraction_std":	0.00150722,
"pj_over_1_minus_q_avg":	0.76136,
"pj_over_1_minus_q_std":	0.00167468,
"occupation_fraction_std_history":	[0.00152119,0.00152846,0.00153574,0.00151781,0.00151626,0.00150652,0.00150722,]
}
