{
"dep_polymers":	"Dimers",
"occupation_fraction_average":	0.580272,
"occupation_fraction_std":	0.00210172,
"pj_over_1_minus_q_avg":	0.82896,
"pj_over_1_minus_q_std":	0.00300245,
"occupation_fraction_std_history":	[0.00217182,0.0021072,0.00209129,0.00208799,0.00210386,0.00211204,0.00209868,0.00210484,0.00210175,0.00210172,]
}
