{
"dep_polymers":	"Squared",
"occupation_fraction_average":	0.747924,
"occupation_fraction_std":	0.000916068,
"pj_over_1_minus_q_avg":	0.747924,
"pj_over_1_minus_q_std":	0.000916068,
"occupation_fraction_std_history":	[0.000940981,0.000926463,0.000922622,0.000920579,0.000915343,0.000916068,]
}
