{
"dep_polymers":	"Squared",
"occupation_fraction_average":	0.111043,
"occupation_fraction_std":	0.00243546,
"pj_over_1_minus_q_avg":	0.555213,
"pj_over_1_minus_q_std":	0.0121773,
"occupation_fraction_std_history":	[0.00222679,0.0022922,0.00233732,0.00225243,0.00229064,0.00223359,0.0022092,0.00227317,0.0023315,0.0023656,0.00243248,0.002454,0.00243413,0.00246045,0.00244451,0.00241735,0.00243386,0.00243702,0.00243546,]
}
