{
"dep_polymers":	"Trimers",
"occupation_fraction_average":	0.546621,
"occupation_fraction_std":	0.00513452,
"pj_over_1_minus_q_avg":	0.780886,
"pj_over_1_minus_q_std":	0.00733503,
"occupation_fraction_std_history":	[0.00508584,0.00509149,0.00530823,0.00515144,0.00509717,0.00513411,0.00513452,]
}
