{
"dep_polymers":	"Trimers",
"occupation_fraction_average":	0.629087,
"occupation_fraction_std":	0.00129153,
"pj_over_1_minus_q_avg":	0.786359,
"pj_over_1_minus_q_std":	0.00161441,
"occupation_fraction_std_history":	[0.00128989,0.00131259,0.00131353,0.00129575,0.00129919,0.00129571,0.00129296,0.0012947,0.00129354,0.00129242,0.00129017,0.00129026,0.00129692,0.00129795,0.00129667,0.00129297,0.00129154,0.00129153,]
}
