{
"dep_polymers":	"Linear trimers",
"occupation_fraction_average":	0.598986,
"occupation_fraction_std":	0.000399916,
"pj_over_1_minus_q_avg":	0.748732,
"pj_over_1_minus_q_std":	0.000499895,
"occupation_fraction_std_history":	[0.000403246,0.000401363,0.000398493,0.000397062,0.000399938,0.000401843,0.000399996,0.000399916,]
}
