{
"dep_polymers":	"Dimers",
"occupation_fraction_average":	0.757849,
"occupation_fraction_std":	0.00225455,
"pj_over_1_minus_q_avg":	0.842055,
"pj_over_1_minus_q_std":	0.00250505,
"occupation_fraction_std_history":	[0.00229229,0.00223005,0.00222748,0.00223227,0.00224295,0.00224558,0.00224672,0.00223875,0.00225289,0.00225592,0.00225639,0.00225455,0.00225455,]
}
