{
"dep_polymers":	"Linear trimers",
"occupation_fraction_average":	0.338785,
"occupation_fraction_std":	0.0053768,
"pj_over_1_minus_q_avg":	0.67757,
"pj_over_1_minus_q_std":	0.0107536,
"occupation_fraction_std_history":	[0.00442762,0.00468138,0.00474691,0.00516639,0.00527122,0.00544578,0.00535572,0.00531348,0.00525197,0.00533608,0.00532315,0.00527326,0.00535846,0.00537721,0.00541116,0.00546119,0.00543214,0.00539291,0.00535703,0.00539778,0.00538116,0.0053768,]
}
