{ 
"defperc_count":	10195,
"defperc_avg":	0.905096,
"atmperc_count":	8706,
"atmperc_avg":	0.772905
}
