{
"dep_polymers":	"Linear trimers",
"occupation_fraction_average":	0.599366,
"occupation_fraction_std":	0.00305199,
"pj_over_1_minus_q_avg":	0.749208,
"pj_over_1_minus_q_std":	0.00381499,
"occupation_fraction_std_history":	[0.00289962,0.00301965,0.00303015,0.00302309,0.00305431,0.00307226,0.00307555,0.00310397,0.00310874,0.00309776,0.00309025,0.00305952,0.00305143,0.00305199,]
}
