{
"dep_polymers":	"Trimers",
"occupation_fraction_average":	0.717383,
"occupation_fraction_std":	0.000361375,
"pj_over_1_minus_q_avg":	0.797092,
"pj_over_1_minus_q_std":	0.000401527,
"occupation_fraction_std_history":	[0.000362128,0.000361072,0.000361375,]
}
