{
"dep_polymers":	"Squared",
"occupation_fraction_average":	0.0976307,
"occupation_fraction_std":	0.00174469,
"pj_over_1_minus_q_avg":	0.488153,
"pj_over_1_minus_q_std":	0.00872346,
"occupation_fraction_std_history":	[0.00157315,0.00175584,0.00183067,0.00175562,0.00167957,0.00166484,0.00164794,0.00163292,0.00162232,0.00166116,0.0016962,0.00169278,0.00170974,0.00171196,0.00169244,0.0016725,0.00170783,0.00172724,0.00172005,0.0017223,0.00173618,0.00174614,0.00174469,]
}
