{
"dep_polymers":	"Trimers",
"occupation_fraction_average":	0.301544,
"occupation_fraction_std":	0.00153128,
"pj_over_1_minus_q_avg":	0.753861,
"pj_over_1_minus_q_std":	0.0038282,
"occupation_fraction_std_history":	[0.00164387,0.00171861,0.0016246,0.00161219,0.00159488,0.00155779,0.00157201,0.00156722,0.00153789,0.0015432,0.00155603,0.00154592,0.00153941,0.00153593,0.00152758,0.00153436,0.00153134,0.00153128,]
}
