{
"dep_polymers":	"Trimers",
"occupation_fraction_average":	0.382254,
"occupation_fraction_std":	0.00254172,
"pj_over_1_minus_q_avg":	0.764508,
"pj_over_1_minus_q_std":	0.00508345,
"occupation_fraction_std_history":	[0.00220194,0.00230217,0.00242739,0.00250264,0.00246482,0.00245947,0.00251827,0.0024811,0.00257638,0.00256888,0.00254668,0.00252183,0.00249929,0.00249374,0.00248762,0.00249012,0.00247971,0.00248274,0.00247732,0.00247069,0.00247664,0.002482,0.0024667,0.00247394,0.00246486,0.00247166,0.00247909,0.00253113,0.00253511,0.00254969,0.00254197,0.00254521,0.00255102,0.00255645,0.00254331,0.00254172,]
}
