{
"dep_polymers":	"Squared",
"occupation_fraction_average":	0.543491,
"occupation_fraction_std":	0.00377981,
"pj_over_1_minus_q_avg":	0.679364,
"pj_over_1_minus_q_std":	0.00472477,
"occupation_fraction_std_history":	[0.00361002,0.00350515,0.00356061,0.00358655,0.00366995,0.00364655,0.00363097,0.00373655,0.00377756,0.00375788,0.00376377,0.00380659,0.00378535,0.00376545,0.00377919,0.00377981,]
}
