{
"dep_polymers":	"Squared",
"occupation_fraction_average":	0.0338997,
"occupation_fraction_std":	0.000502577,
"pj_over_1_minus_q_avg":	0.338997,
"pj_over_1_minus_q_std":	0.00502577,
"occupation_fraction_std_history":	[0.000467473,0.000479445,0.000485884,0.000497583,0.000500577,0.000506969,0.000511042,0.000505723,0.000499767,0.000501218,0.000503506,0.0005017,0.000504877,0.000502575,0.000502577,]
}
