{
"dep_polymers":	"Dimers",
"occupation_fraction_average":	0.667741,
"occupation_fraction_std":	0.000541203,
"pj_over_1_minus_q_avg":	0.834676,
"pj_over_1_minus_q_std":	0.000676504,
"occupation_fraction_std_history":	[0.000566198,0.000530004,0.000531862,0.000535633,0.000541259,0.000539951,0.000543579,0.000541887,0.000540119,0.000541733,0.000541203,]
}
