{
"dep_polymers":	"Squared",
"occupation_fraction_average":	0.697471,
"occupation_fraction_std":	0.00747695,
"pj_over_1_minus_q_avg":	0.73418,
"pj_over_1_minus_q_std":	0.00787047,
"occupation_fraction_std_history":	[0.00721432,0.00720329,0.00721773,0.007218,0.00736297,0.00729896,0.00732551,0.00736062,0.00737824,0.00737076,0.00737424,0.00738437,0.0073829,0.00737959,0.0074204,0.00743096,0.00746381,0.00748138,0.00749006,0.00748325,0.00748991,0.00749233,0.0074869,0.00748403,0.00749192,0.0074899,0.00749334,0.00749265,0.00748856,0.00748576,0.00747953,0.00748602,0.00748283,0.00748153,0.00748174,0.0074745,0.00747855,0.00747693,0.00747695,]
}
