{
"dep_polymers":	"Dimers",
"occupation_fraction_average":	0.669154,
"occupation_fraction_std":	0.00433864,
"pj_over_1_minus_q_avg":	0.836442,
"pj_over_1_minus_q_std":	0.0054233,
"occupation_fraction_std_history":	[0.00427139,0.00426678,0.00425179,0.00423348,0.00431128,0.00431651,0.00433589,0.00433864,]
}
