{
"dep_polymers":	"Trimers",
"occupation_fraction_average":	0.715071,
"occupation_fraction_std":	0.005296,
"pj_over_1_minus_q_avg":	0.794523,
"pj_over_1_minus_q_std":	0.00588445,
"occupation_fraction_std_history":	[0.00520447,0.0052214,0.00523368,0.00527844,0.00532439,0.00529834,0.00529902,0.00531032,0.00531524,0.0053165,0.00532025,0.00530911,0.00530958,0.00530309,0.00529889,0.00529937,0.00530105,0.00530171,0.00529802,0.00530092,0.00529478,0.00528322,0.00527589,0.00527444,0.00526665,0.00527194,0.00527575,0.00527551,0.00527902,0.00528404,0.00527932,0.00527493,0.0052697,0.00527301,0.00528157,0.00528535,0.00528596,0.00528995,0.00529185,0.00529606,0.005296,]
}
