{
"dep_polymers":	"Dimers",
"occupation_fraction_average":	235.541,
"occupation_fraction_std":	5.09672,
"pj_over_1_minus_q_avg":	471.083,
"pj_over_1_minus_q_std":	10.1934,
"occupation_fraction_std_history":	[3.70945,3.46987,6.64797,5.78273,5.65346,5.41808,5.26707,5.19591,5.17239,5.2856,5.43463,5.43895,5.61941,5.51954,5.52946,5.56754,5.55792,5.54599,5.59683,5.52706,5.41884,5.34276,5.38193,5.38764,5.40402,5.41189,5.47808,5.57875,5.53418,5.56075,5.48659,5.44311,5.42857,5.3921,5.35531,5.4512,5.44863,5.44101,5.41791,5.39818,5.35639,5.31057,5.32711,5.29665,5.25232,5.22652,5.24219,5.2496,5.33437,5.34864,5.30921,5.28422,5.2685,5.26549,5.23305,5.24618,5.2217,5.25945,5.22287,5.23735,5.25164,5.23213,5.26104,5.26017,5.23385,5.21179,5.18896,5.18141,5.17722,5.14771,5.15491,5.16516,5.15265,5.1654,5.15895,5.14371,5.11965,5.1477,5.15418,5.14225,5.15316,5.12826,5.11212,5.10692,5.10675,5.11359,5.11467,5.10702,5.10386,5.07717,5.05876,5.04931,5.04858,5.05708,5.05964,5.04149,5.03909,5.03582,5.01517,5.02686,5.02216,5.02156,5.02904,5.04343,5.037,5.05517,5.08141,5.08044,5.0648,5.05802,5.05343,5.05142,5.04017,5.04273,5.04162,5.04324,5.03117,5.024,5.02297,5.01465,5.03147,5.04013,5.02999,5.02381,5.0411,5.06426,5.07616,5.10154,5.08975,5.07462,5.07249,5.08196,5.07179,5.06249,5.07332,5.06731,5.073,5.0667,5.06019,5.05207,5.04609,5.03152,5.03458,5.0272,5.03086,5.03308,5.02092,5.02588,5.02075,5.01596,5.02459,5.03098,5.02968,5.03398,5.03354,5.0306,5.04943,5.05695,5.06326,5.05402,5.08755,5.10393,5.09912,5.08968,5.0779,5.08427,5.07372,5.07468,5.06803,5.07021,5.08713,5.09519,5.08584,5.07364,5.06424,5.06162,5.05483,5.05053,5.05824,5.07043,5.06369,5.09381,5.09673,5.09672,]
}
