{
"dep_polymers":	"Dimers",
"occupation_fraction_average":	0.672169,
"occupation_fraction_std":	0.000319982,
"pj_over_1_minus_q_avg":	0.840211,
"pj_over_1_minus_q_std":	0.000399978,
"occupation_fraction_std_history":	[0.000316606,0.000322526,0.000317897,0.000317844,0.000319352,0.000320514,0.000320072,0.000318868,0.000318548,0.000320455,0.000321123,0.000321251,0.000321865,0.000320622,0.000321209,0.000321008,0.00032034,0.000320131,0.000320065,0.000319762,0.000319926,0.000319527,0.000319541,0.000320109,0.000320334,0.000320688,0.000320552,0.000320692,0.000320661,0.000320415,0.000320435,0.000320986,0.000321257,0.000321181,0.000320983,0.000320882,0.000320661,0.000320505,0.000320614,0.000320449,0.00032016,0.000320168,0.00032,0.000319854,0.00031958,0.000319396,0.000319292,0.000319344,0.000319109,0.000319224,0.000319427,0.000319572,0.000319784,0.000319891,0.000320234,0.000320307,0.000320257,0.000319985,0.000319982,]
}
