{
"dep_polymers":	"Trimers",
"occupation_fraction_average":	0.63202,
"occupation_fraction_std":	0.00136727,
"pj_over_1_minus_q_avg":	0.790024,
"pj_over_1_minus_q_std":	0.00170909,
"occupation_fraction_std_history":	[0.00133241,0.00134671,0.00135809,0.00136816,0.00136582,0.00137709,0.00137722,0.00137808,0.00137441,0.0013752,0.00137731,0.00137936,0.00137695,0.0013765,0.00137925,0.00137876,0.00137592,0.00137481,0.00137425,0.00137419,0.00137158,0.00137014,0.00137053,0.00137111,0.00136762,0.00136724,0.00136887,0.00136962,0.00136683,0.00136593,0.00136351,0.00136302,0.00136266,0.00136162,0.00136201,0.00136197,0.00136065,0.00135974,0.0013632,0.00136134,0.00136137,0.00136066,0.00136108,0.00136222,0.00136155,0.00136174,0.00136192,0.00136245,0.00136328,0.0013633,0.00136508,0.00136505,0.00136642,0.00136696,0.00136749,0.00136717,0.00136728,0.00136727,]
}
