{
"dep_polymers":	"Trimers",
"occupation_fraction_average":	0.125311,
"occupation_fraction_std":	0.000455223,
"pj_over_1_minus_q_avg":	0.626553,
"pj_over_1_minus_q_std":	0.00227612,
"occupation_fraction_std_history":	[0.000455631,0.000456932,0.000455168,0.000455223,]
}
