{
"dep_polymers":	"Squared",
"occupation_fraction_average":	0.54371,
"occupation_fraction_std":	0.00373577,
"pj_over_1_minus_q_avg":	0.679637,
"pj_over_1_minus_q_std":	0.00466971,
"occupation_fraction_std_history":	[0.00379295,0.00373591,0.00363708,0.00375241,0.00376684,0.00374458,0.0037369,0.00371458,0.0037349,0.00370774,0.00370847,0.00371729,0.00371667,0.00370382,0.00369019,0.00368808,0.00369539,0.0036923,0.0037056,0.00370672,0.0036997,0.00370045,0.00369315,0.00371555,0.00371968,0.00372415,0.00372391,0.00373103,0.00372607,0.00372161,0.00372943,0.00372426,0.00372181,0.00372828,0.00372906,0.00373034,0.00373514,0.00373964,0.0037396,0.00374195,0.00374112,0.00374198,0.00374113,0.00374406,0.00374365,0.00374063,0.00374235,0.0037471,0.00374738,0.00374795,0.00374654,0.00374293,0.00374166,0.00373592,0.00373524,0.00373357,0.00373806,0.00373574,0.00373577,]
}
