{
"dep_polymers":	"Dimers",
"occupation_fraction_average":	0.667895,
"occupation_fraction_std":	0.00436828,
"pj_over_1_minus_q_avg":	0.834869,
"pj_over_1_minus_q_std":	0.00546035,
"occupation_fraction_std_history":	[0.00429935,0.00439724,0.0043775,0.00436381,0.00434165,0.00432843,0.00434464,0.00435637,0.00436831,0.00436828,]
}
