{
"dep_polymers":	"Squared",
"occupation_fraction_average":	0.175682,
"occupation_fraction_std":	0.00601342,
"pj_over_1_minus_q_avg":	0.585608,
"pj_over_1_minus_q_std":	0.0200447,
"occupation_fraction_std_history":	[0.00515158,0.00617574,0.00589929,0.00607323,0.00601005,0.00601342,]
}
