{
"dep_polymers":	"Trimers",
"occupation_fraction_average":	0.625375,
"occupation_fraction_std":	0.00256688,
"pj_over_1_minus_q_avg":	0.781719,
"pj_over_1_minus_q_std":	0.0032086,
"occupation_fraction_std_history":	[0.00257749,0.00256816,0.00256688,]
}
