{
"dep_polymers":	"Trimers",
"occupation_fraction_average":	0.131096,
"occupation_fraction_std":	0.00184562,
"pj_over_1_minus_q_avg":	0.655479,
"pj_over_1_minus_q_std":	0.0092281,
"occupation_fraction_std_history":	[0.00158974,0.00160264,0.00159939,0.00159023,0.00167876,0.00168795,0.00174431,0.00174745,0.00179067,0.00177612,0.00178996,0.00179679,0.00181552,0.00181244,0.00182965,0.00183384,0.00182069,0.00181086,0.00183161,0.00183475,0.00184035,0.00185075,0.00184542,0.00185179,0.00184742,0.00184562,]
}
