{
"dep_polymers":	"Dimers",
"occupation_fraction_average":	0.322553,
"occupation_fraction_std":	0.000250339,
"pj_over_1_minus_q_avg":	0.806384,
"pj_over_1_minus_q_std":	0.000625847,
"occupation_fraction_std_history":	[0.000256203,0.000247829,0.000251537,0.000252994,0.000253466,0.000251554,0.000249974,0.000251933,0.000252252,0.000250987,0.00025054,0.000250339,]
}
