{
"dep_polymers":	"Squared",
"occupation_fraction_average":	0.551483,
"occupation_fraction_std":	0.00801502,
"pj_over_1_minus_q_avg":	0.689353,
"pj_over_1_minus_q_std":	0.0100188,
"occupation_fraction_std_history":	[0.00773938,0.00782939,0.00751082,0.0077563,0.00795578,0.00796626,0.00808562,0.0079573,0.00782112,0.00806917,0.00803552,0.00799964,0.00802167,0.00811047,0.00828321,0.00823549,0.00820457,0.00815926,0.00817603,0.00821,0.0081477,0.00809052,0.00808176,0.00806191,0.00803216,0.00800913,0.00801502,]
}
