{ 
"defperc_count":	25540,
"defperc_avg":	0.389709,
"atmperc_count":	65530,
"atmperc_avg":	0.999908
}
