{
"dep_polymers":	"Squared",
"occupation_fraction_average":	0.453274,
"occupation_fraction_std":	0.00369587,
"pj_over_1_minus_q_avg":	0.647534,
"pj_over_1_minus_q_std":	0.00527982,
"occupation_fraction_std_history":	[0.00397281,0.00379873,0.00381735,0.0037261,0.00376587,0.0037176,0.00365297,0.00360116,0.00364809,0.0036589,0.00366904,0.0036626,0.00370822,0.00371252,0.00376666,0.00375994,0.00374672,0.00372551,0.00369743,0.00368679,0.00371247,0.00370358,0.00369834,0.00369459,0.00369587,]
}
