{
"dep_polymers":	"Dimers",
"occupation_fraction_average":	0.0778469,
"occupation_fraction_std":	0.000454674,
"pj_over_1_minus_q_avg":	0.778469,
"pj_over_1_minus_q_std":	0.00454674,
"occupation_fraction_std_history":	[0.000423748,0.00043481,0.000438873,0.000440294,0.000445969,0.000445103,0.000452479,0.000453263,0.00045499,0.000454674,]
}
