{
"dep_polymers":	"Trimers",
"occupation_fraction_average":	0.760514,
"occupation_fraction_std":	0.000339569,
"pj_over_1_minus_q_avg":	0.800541,
"pj_over_1_minus_q_std":	0.000357441,
"occupation_fraction_std_history":	[0.000336195,0.000343408,0.000344175,0.000336234,0.000336963,0.000336454,0.000337264,0.000338975,0.000337378,0.000339404,0.000339569,]
}
