{
"dep_polymers":	"Linear trimers",
"occupation_fraction_average":	0.604897,
"occupation_fraction_std":	0.0031967,
"pj_over_1_minus_q_avg":	0.756122,
"pj_over_1_minus_q_std":	0.00399588,
"occupation_fraction_std_history":	[0.00317085,0.00311731,0.00311487,0.00312863,0.00319317,0.00318499,0.00315724,0.00316506,0.00317664,0.00318911,0.00318917,0.00318937,0.00318823,0.00318064,0.0032081,0.00320376,0.00320052,0.00320315,0.00320507,0.00320856,0.00320025,0.00319877,0.00320642,0.0032034,0.00320618,0.00320699,0.00320594,0.00321637,0.00321101,0.00320906,0.00321382,0.00321574,0.00321543,0.00321386,0.00320897,0.00320531,0.00320409,0.00320516,0.00320307,0.0032007,0.00319962,0.003198,0.0031976,0.00319916,0.00319592,0.00319668,0.0031967,]
}
