{
"dep_polymers":	"Squared",
"occupation_fraction_average":	0.562293,
"occupation_fraction_std":	0.00441103,
"pj_over_1_minus_q_avg":	0.702867,
"pj_over_1_minus_q_std":	0.00551378,
"occupation_fraction_std_history":	[0.00405755,0.00412995,0.0041836,0.00427203,0.00421644,0.00425982,0.0042472,0.00428328,0.00427836,0.00430466,0.00445003,0.00441601,0.00443102,0.00440731,0.00441361,0.00441631,0.00440658,0.00439142,0.00442563,0.004425,0.0044247,0.004413,0.0044319,0.00444425,0.00443553,0.00445479,0.0044366,0.00442155,0.00443077,0.00442292,0.00441343,0.00444637,0.00443228,0.00442608,0.00442289,0.00441715,0.00440402,0.00441854,0.00440733,0.00439802,0.00438657,0.00438175,0.00438889,0.00438527,0.00438796,0.004394,0.00438679,0.00438122,0.00437916,0.00438882,0.00438167,0.00437571,0.00438376,0.00438252,0.00438199,0.00438123,0.00438606,0.00439525,0.00439223,0.00439101,0.00439571,0.00439259,0.00438823,0.00438273,0.00438563,0.00438079,0.00437371,0.00437727,0.00438276,0.00437866,0.00438201,0.00438032,0.00438933,0.00439243,0.00439714,0.00439427,0.00438948,0.00439256,0.0043865,0.00438919,0.00438809,0.0043858,0.00438913,0.00438554,0.00438342,0.00437552,0.00437482,0.00437374,0.0043708,0.00436704,0.00436682,0.0043626,0.00436735,0.00436648,0.00437576,0.00437767,0.00437521,0.00438338,0.00438161,0.00438288,0.0043819,0.00438489,0.00438446,0.00437902,0.00438605,0.004384,0.00438431,0.00438488,0.00438166,0.00437651,0.00437525,0.004373,0.00437455,0.00437408,0.00436936,0.0043698,0.00436958,0.00436678,0.00436581,0.00436395,0.00436063,0.00436169,0.00436475,0.00436267,0.00436256,0.00436053,0.00435972,0.0043621,0.00437476,0.00437679,0.00437255,0.00436964,0.00436919,0.00436878,0.00437031,0.00437071,0.00437029,0.00436741,0.00436938,0.0043679,0.00437002,0.00437086,0.00437027,0.00436841,0.00436869,0.00436921,0.00436657,0.00437192,0.00437001,0.00436781,0.00437097,0.00436946,0.00437133,0.00437,0.00437444,0.00437151,0.004377,0.00437528,0.00437473,0.0043776,0.00437754,0.00437528,0.00437689,0.00437466,0.00437482,0.00437585,0.00438034,0.00438019,0.00438536,0.00438588,0.00438377,0.00438124,0.00437935,0.00437773,0.00437892,0.00437615,0.004377,0.00438075,0.00438007,0.00438254,0.00438293,0.00438176,0.00438336,0.00438318,0.00438326,0.00438224,0.00438445,0.00438428,0.00438085,0.00437785,0.00437665,0.00437935,0.00438158,0.00437959,0.00438015,0.00438617,0.00438493,0.00438644,0.00438638,0.00438683,0.00439066,0.0043895,0.00438728,0.00438661,0.0043853,0.00438553,0.00438411,0.00438717,0.00438925,0.00438813,0.00438733,0.00438659,0.00438867,0.00439054,0.00439021,0.00439148,0.00439243,0.00439396,0.00439096,0.00439082,0.00438875,0.00438651,0.00438475,0.00438389,0.00438185,0.00438193,0.00438887,0.00438826,0.00438601,0.00438322,0.0043829,0.0043825,0.00438117,0.00437983,0.00438274,0.00438757,0.00438717,0.0043866,0.00438613,0.00438526,0.00438926,0.00438844,0.00439011,0.00439176,0.00439503,0.00439548,0.00439771,0.00439726,0.00439713,0.00439642,0.00439552,0.00439398,0.00439421,0.00439466,0.0043954,0.00439506,0.00439472,0.00439389,0.00439477,0.0043939,0.00439417,0.00439428,0.004393,0.00439264,0.00439325,0.0043963,0.00439573,0.0043958,0.00439503,0.00439513,0.00439378,0.00439732,0.00439755,0.0043979,0.00439877,0.0043981,0.00439856,0.00439877,0.00439978,0.00440453,0.00440426,0.0044025,0.00440391,0.0044077,0.00440791,0.00440917,0.00440852,0.00440756,0.00440745,0.0044091,0.00440888,0.00441104,0.00441103,]
}
