{
"dep_polymers":	"Dimers",
"occupation_fraction_average":	0.670225,
"occupation_fraction_std":	0.00110245,
"pj_over_1_minus_q_avg":	0.837781,
"pj_over_1_minus_q_std":	0.00137807,
"occupation_fraction_std_history":	[0.00111776,0.00113934,0.00111258,0.00110589,0.00110267,0.00110245,]
}
