{
"dep_polymers":	"Linear trimers",
"occupation_fraction_average":	0.506241,
"occupation_fraction_std":	0.000725718,
"pj_over_1_minus_q_avg":	0.723201,
"pj_over_1_minus_q_std":	0.00103674,
"occupation_fraction_std_history":	[0.000715008,0.00072575,0.000724578,0.000728116,0.000725808,0.000725718,]
}
