{
"dep_polymers":	"Linear trimers",
"occupation_fraction_average":	0.591108,
"occupation_fraction_std":	0.00586984,
"pj_over_1_minus_q_avg":	0.738885,
"pj_over_1_minus_q_std":	0.0073373,
"occupation_fraction_std_history":	[0.00572326,0.00610259,0.00618886,0.00613001,0.00599881,0.00594326,0.00598018,0.00592809,0.00589896,0.00586764,0.00582067,0.00580534,0.00583776,0.00586347,0.00585602,0.00587719,0.00589292,0.00588188,0.00587217,0.00586984,]
}
