{
"dep_polymers":	"Dimers",
"occupation_fraction_average":	0.759266,
"occupation_fraction_std":	0.00450263,
"pj_over_1_minus_q_avg":	0.843629,
"pj_over_1_minus_q_std":	0.00500292,
"occupation_fraction_std_history":	[0.00469153,0.00458924,0.00459193,0.00452654,0.00456552,0.00459657,0.00459669,0.00459869,0.00460116,0.00458195,0.00457309,0.00456715,0.00455946,0.00456372,0.00456571,0.00454516,0.00453671,0.00453248,0.00452709,0.00452661,0.00451901,0.00451752,0.00452063,0.00451998,0.00451677,0.00451792,0.00452406,0.00452599,0.00451941,0.00451761,0.00452071,0.00451647,0.00450979,0.00451099,0.00451597,0.00451171,0.00451056,0.00450919,0.00451128,0.00451452,0.00451818,0.00451595,0.00451502,0.00451479,0.00451655,0.00451374,0.00451134,0.00450849,0.00450704,0.00450921,0.00451048,0.00451131,0.00451221,0.00451136,0.00451221,0.00451205,0.00450995,0.00450983,0.00450971,0.00450853,0.00450818,0.00450495,0.00450503,0.00450421,0.00450442,0.00450266,0.00450263,]
}
