{
"dep_polymers":	"Squared",
"occupation_fraction_average":	0.690133,
"occupation_fraction_std":	0.0018257,
"pj_over_1_minus_q_avg":	0.726456,
"pj_over_1_minus_q_std":	0.00192179,
"occupation_fraction_std_history":	[0.00179466,0.00183033,0.00181953,0.00183175,0.00182097,0.00182716,0.00182522,0.00182985,0.00182158,0.00182034,0.0018235,0.0018273,0.00182555,0.00182808,0.00182588,0.00182543,0.00182179,0.00182294,0.00182187,0.00182236,0.00181641,0.00181819,0.00181799,0.00181651,0.00181829,0.00182073,0.00181894,0.00181974,0.00182262,0.00182412,0.00182702,0.00182817,0.00182624,0.00182786,0.00182771,0.00182773,0.00182634,0.00182669,0.00182409,0.00182354,0.00182231,0.00182346,0.00182259,0.00182263,0.001824,0.00182522,0.00182544,0.00182599,0.00182535,0.00182729,0.00182828,0.00182734,0.0018265,0.00182745,0.00182774,0.00182724,0.00182757,0.0018267,0.0018257,0.0018257,]
}
