{
"dep_polymers":	"Squared",
"occupation_fraction_average":	0.109026,
"occupation_fraction_std":	0.00594631,
"pj_over_1_minus_q_avg":	0.545132,
"pj_over_1_minus_q_std":	0.0297316,
"occupation_fraction_std_history":	[0.00683013,0.00616796,0.00573093,0.00567518,0.00590046,0.00600888,0.00616087,0.00719025,0.00711746,0.00695788,0.00674412,0.00656759,0.00646941,0.00642784,0.00636909,0.00631986,0.00623044,0.00616303,0.00622099,0.00637325,0.00651564,0.00646745,0.00640682,0.00633152,0.00632152,0.00633554,0.00632905,0.00645542,0.00640718,0.00636057,0.00634682,0.00628902,0.00623505,0.00620498,0.0061415,0.00609689,0.00604947,0.006022,0.00604261,0.00603148,0.00599028,0.00594872,0.00594631,]
}
