{
"dep_polymers":	"Dimers",
"occupation_fraction_average":	0.498413,
"occupation_fraction_std":	0.00110415,
"pj_over_1_minus_q_avg":	0.830688,
"pj_over_1_minus_q_std":	0.00184025,
"occupation_fraction_std_history":	[0.00112497,0.00109556,0.00111549,0.00110864,0.00111792,0.00112731,0.00112064,0.00111819,0.001112,0.00110339,0.00110415,]
}
