{
"dep_polymers":	"Squared",
"occupation_fraction_average":	0.302331,
"occupation_fraction_std":	0.0070815,
"pj_over_1_minus_q_avg":	0.604663,
"pj_over_1_minus_q_std":	0.014163,
"occupation_fraction_std_history":	[0.00539643,0.00566368,0.00586181,0.00574924,0.00569765,0.00574711,0.00578275,0.00585075,0.00637062,0.00714692,0.0071709,0.00714047,0.00718239,0.00711877,0.00708778,0.0070352,0.0069651,0.00690814,0.00692496,0.00688967,0.00694522,0.00687016,0.00692424,0.0069011,0.00685686,0.00684005,0.00687614,0.00690723,0.00692363,0.00690772,0.00702288,0.00708076,0.00704014,0.00700901,0.00700123,0.00698839,0.00697671,0.00694591,0.00691304,0.00700359,0.00708624,0.00707524,0.0070815,]
}
