{
"dep_polymers":	"Squared",
"occupation_fraction_average":	0.368484,
"occupation_fraction_std":	0.00360276,
"pj_over_1_minus_q_avg":	0.614139,
"pj_over_1_minus_q_std":	0.00600461,
"occupation_fraction_std_history":	[0.00470025,0.0041185,0.00403978,0.00399882,0.00388528,0.00391421,0.0038434,0.0038588,0.00384236,0.00379184,0.00376123,0.0037569,0.00371015,0.00369843,0.00365145,0.0036287,0.00362341,0.00359948,0.00358076,0.00359447,0.00361021,0.0036245,0.00360458,0.00360276,]
}
