{
"dep_polymers":	"Squared",
"occupation_fraction_average":	0.74793,
"occupation_fraction_std":	0.00184228,
"pj_over_1_minus_q_avg":	0.74793,
"pj_over_1_minus_q_std":	0.00184228,
"occupation_fraction_std_history":	[0.00181609,0.00183242,0.00182309,0.001845,0.00183714,0.00184157,0.00184228,]
}
