{
"dep_polymers":	"Squared",
"occupation_fraction_average":	0.0498345,
"occupation_fraction_std":	0.00264551,
"pj_over_1_minus_q_avg":	0.498345,
"pj_over_1_minus_q_std":	0.0264551,
"occupation_fraction_std_history":	[0.00317472,0.00262169,0.00235266,0.00259199,0.00247677,0.00251365,0.00249399,0.00243229,0.0024348,0.00248202,0.00256536,0.00256984,0.00254065,0.00253083,0.00251202,0.00252434,0.00252132,0.00255073,0.00261924,0.00260896,0.00261379,0.00260835,0.00261542,0.00261003,0.00262761,0.00263891,0.00264771,0.00264551,]
}
