{
"dep_polymers":	"Linear trimers",
"occupation_fraction_average":	0.428085,
"occupation_fraction_std":	0.00577509,
"pj_over_1_minus_q_avg":	0.713474,
"pj_over_1_minus_q_std":	0.00962514,
"occupation_fraction_std_history":	[0.00493019,0.00496385,0.00505195,0.00514073,0.00520906,0.00518669,0.00516424,0.00519037,0.00522043,0.00526844,0.00534002,0.00535119,0.00549803,0.00552596,0.00555371,0.00560381,0.00569206,0.00572379,0.00571717,0.00572434,0.00577051,0.00577509,]
}
