{
"dep_polymers":	"Dimers",
"occupation_fraction_average":	0.759915,
"occupation_fraction_std":	0.00110902,
"pj_over_1_minus_q_avg":	0.84435,
"pj_over_1_minus_q_std":	0.00123224,
"occupation_fraction_std_history":	[0.00108772,0.00110085,0.00110911,0.00110902,]
}
