{
"dep_polymers":	"Trimers",
"occupation_fraction_average":	0.46478,
"occupation_fraction_std":	0.000879753,
"pj_over_1_minus_q_avg":	0.774633,
"pj_over_1_minus_q_std":	0.00146625,
"occupation_fraction_std_history":	[0.000882324,0.000875326,0.000885622,0.000877134,0.000879428,0.000879753,]
}
