{ 
"defperc_count":	9869,
"defperc_avg":	0.803141,
"atmperc_count":	11312,
"atmperc_avg":	0.920573
}
