{
"dep_polymers":	"Linear trimers",
"occupation_fraction_average":	0.599202,
"occupation_fraction_std":	0.00153614,
"pj_over_1_minus_q_avg":	0.749002,
"pj_over_1_minus_q_std":	0.00192017,
"occupation_fraction_std_history":	[0.00152925,0.00155195,0.00154719,0.00154623,0.0015447,0.00154869,0.00154568,0.00154663,0.00154781,0.00154745,0.00155099,0.00154945,0.00155021,0.00154814,0.0015492,0.00154477,0.00154387,0.00154778,0.00154213,0.00154076,0.0015412,0.00153968,0.00154021,0.00154143,0.00154024,0.00154276,0.00154294,0.00154435,0.00154427,0.00154566,0.00154311,0.00154366,0.00154341,0.00154308,0.00154291,0.0015445,0.00154407,0.00154563,0.00154628,0.00154767,0.00154704,0.00154584,0.00154527,0.00154461,0.00154435,0.00154571,0.00154441,0.00154454,0.0015438,0.00154364,0.00154324,0.00154339,0.00154371,0.00154278,0.00154214,0.00154207,0.00154177,0.00154271,0.00154209,0.00154172,0.00154151,0.00154137,0.00154052,0.00154071,0.00154158,0.0015415,0.00154084,0.00154044,0.00154068,0.00154071,0.0015401,0.00153942,0.00153913,0.0015392,0.00153865,0.00153824,0.00153904,0.00153861,0.00153858,0.00153808,0.00153827,0.00153804,0.00153839,0.00153926,0.00153887,0.00153836,0.00153849,0.00153808,0.00153824,0.00153814,0.00153838,0.00153881,0.00153923,0.00153854,0.00153815,0.00153892,0.00153862,0.00153936,0.00153902,0.00153934,0.00153997,0.0015398,0.00154077,0.0015404,0.00154024,0.00154031,0.00154,0.00154019,0.00153968,0.00153907,0.00153895,0.00153865,0.00153849,0.00153867,0.00153879,0.00153913,0.00153883,0.00153841,0.00153807,0.00153783,0.00153864,0.00153817,0.00153805,0.00153735,0.00153753,0.00153757,0.00153703,0.00153675,0.00153649,0.00153652,0.00153667,0.00153701,0.00153683,0.00153632,0.00153663,0.00153649,0.00153645,0.00153598,0.00153583,0.00153637,0.00153607,0.00153584,0.00153581,0.00153547,0.00153598,0.00153619,0.0015363,0.00153613,0.00153614,]
}
