{
"dep_polymers":	"Trimers",
"occupation_fraction_average":	0.627258,
"occupation_fraction_std":	0.00518413,
"pj_over_1_minus_q_avg":	0.784072,
"pj_over_1_minus_q_std":	0.00648017,
"occupation_fraction_std_history":	[0.00520419,0.0053068,0.00524346,0.00529522,0.005236,0.0052304,0.00519124,0.00518009,0.00519295,0.00518566,0.00519286,0.00518084,0.00518406,0.00517102,0.00515754,0.00515555,0.00514477,0.00515297,0.00515909,0.00515997,0.00517004,0.0051769,0.0051809,0.00518117,0.00518412,0.00518413,]
}
