{
"dep_polymers":	"Linear trimers",
"occupation_fraction_average":	0.337452,
"occupation_fraction_std":	0.00280818,
"pj_over_1_minus_q_avg":	0.674904,
"pj_over_1_minus_q_std":	0.00561637,
"occupation_fraction_std_history":	[0.00245422,0.00247408,0.002456,0.00248504,0.00264197,0.00272586,0.00283266,0.00278858,0.00276104,0.00275017,0.00277189,0.00276655,0.00275818,0.00274465,0.00276704,0.00278642,0.00279138,0.00280315,0.0027978,0.00280731,0.00280818,]
}
