{
"dep_polymers":	"Dimers",
"occupation_fraction_average":	0.670198,
"occupation_fraction_std":	0.000546616,
"pj_over_1_minus_q_avg":	0.837748,
"pj_over_1_minus_q_std":	0.00068327,
"occupation_fraction_std_history":	[0.000548004,0.000547282,0.000543585,0.000547823,0.000547273,0.000545368,0.000544047,0.000545312,0.000546434,0.000546984,0.000546616,]
}
