{
"dep_polymers":	"Linear trimers",
"occupation_fraction_average":	0.68519,
"occupation_fraction_std":	0.00040958,
"pj_over_1_minus_q_avg":	0.761322,
"pj_over_1_minus_q_std":	0.000455089,
"occupation_fraction_std_history":	[0.000442036,0.000440756,0.000433405,0.000424307,0.000418549,0.000417053,0.00041455,0.000418125,0.000414613,0.000411986,0.000412418,0.000413076,0.000411367,0.000409978,0.000408985,0.000408385,0.00040933,0.000407166,0.000408141,0.000409307,0.000409906,0.000409446,0.000408967,0.000409563,0.00040958,]
}
