{
"dep_polymers":	"Trimers",
"occupation_fraction_average":	0.804132,
"occupation_fraction_std":	0.00542188,
"pj_over_1_minus_q_avg":	0.804132,
"pj_over_1_minus_q_std":	0.00542188,
"occupation_fraction_std_history":	[0.0055483,0.00548547,0.00540257,0.00537775,0.00534163,0.00543285,0.00542629,0.00543937,0.0054204,0.00542188,]
}
