{
"dep_polymers":	"Linear trimers",
"occupation_fraction_average":	0.337227,
"occupation_fraction_std":	0.00140842,
"pj_over_1_minus_q_avg":	0.674455,
"pj_over_1_minus_q_std":	0.00281684,
"occupation_fraction_std_history":	[0.00140404,0.0013954,0.00137635,0.00140279,0.00143676,0.00142323,0.00143826,0.0014275,0.00143072,0.00143462,0.00142681,0.00141992,0.00141192,0.00141824,0.00141136,0.00140937,0.00141298,0.00141101,0.00140571,0.00140738,0.00140508,0.00140774,0.00140842,]
}
