{
"dep_polymers":	"Squared",
"occupation_fraction_average":	0.464656,
"occupation_fraction_std":	0.00116504,
"pj_over_1_minus_q_avg":	0.663794,
"pj_over_1_minus_q_std":	0.00166434,
"occupation_fraction_std_history":	[0.00121567,0.00119902,0.00118476,0.0011614,0.00117106,0.00116874,0.00117674,0.00116126,0.00117441,0.00117186,0.00117356,0.00118151,0.0011776,0.00117068,0.00116095,0.00116554,0.00116819,0.00116536,0.00116504,]
}
