{
"dep_polymers":	"Dimers",
"occupation_fraction_average":	0.758333,
"occupation_fraction_std":	0.00112678,
"pj_over_1_minus_q_avg":	0.842592,
"pj_over_1_minus_q_std":	0.00125198,
"occupation_fraction_std_history":	[0.00111935,0.0011316,0.00114187,0.00114312,0.00113993,0.0011357,0.00114012,0.00114076,0.00113392,0.00113258,0.00113261,0.00113153,0.0011304,0.00113128,0.00112934,0.00112989,0.00112912,0.00112945,0.00112927,0.0011292,0.00112868,0.00112912,0.00112571,0.00112405,0.00112239,0.00112261,0.00112243,0.00112356,0.00112551,0.00112606,0.00112593,0.00112516,0.00112491,0.00112477,0.00112472,0.00112595,0.00112675,0.00112619,0.00112643,0.00112656,0.0011264,0.00112663,0.00112635,0.0011268,0.00112705,0.001127,0.00112705,0.001127,0.00112701,0.00112724,0.00112813,0.00112744,0.00112708,0.00112703,0.00112696,0.00112679,0.00112678,]
}
