{
"dep_polymers":	"Linear trimers",
"occupation_fraction_average":	0.60502,
"occupation_fraction_std":	0.00099523,
"pj_over_1_minus_q_avg":	0.756275,
"pj_over_1_minus_q_std":	0.00124404,
"occupation_fraction_std_history":	[0.00100584,0.00100459,0.000995385,0.00099523,]
}
