{
"dep_polymers":	"Dimers",
"occupation_fraction_average":	0.238175,
"occupation_fraction_std":	0.00163197,
"pj_over_1_minus_q_avg":	0.793918,
"pj_over_1_minus_q_std":	0.00543989,
"occupation_fraction_std_history":	[0.00139457,0.00151905,0.00152995,0.00158112,0.00157472,0.0015768,0.00157146,0.00160369,0.00160602,0.0016247,0.00161485,0.00162638,0.00163595,0.00162362,0.0016271,0.00163136,0.00162852,0.00163283,0.00165033,0.00164281,0.00163663,0.00163104,0.00163197,]
}
