{ 
"defperc_count":	22514,
"defperc_avg":	0.241608,
"atmperc_count":	93183,
"atmperc_avg":	0.999989
}
