{
"dep_polymers":	"Squared",
"occupation_fraction_average":	0.563417,
"occupation_fraction_std":	0.00171379,
"pj_over_1_minus_q_avg":	0.704272,
"pj_over_1_minus_q_std":	0.00214223,
"occupation_fraction_std_history":	[0.00169247,0.00170106,0.00173915,0.00171392,0.00171379,]
}
