{
"dep_polymers":	"Trimers",
"occupation_fraction_average":	0.714859,
"occupation_fraction_std":	0.00066301,
"pj_over_1_minus_q_avg":	0.794288,
"pj_over_1_minus_q_std":	0.000736677,
"occupation_fraction_std_history":	[0.000697688,0.000685322,0.000675326,0.000674288,0.000671996,0.000662196,0.000672588,0.000671685,0.000669468,0.000665669,0.000664979,0.000663442,0.00066301,]
}
