{
"dep_polymers":	"Squared",
"occupation_fraction_average":	0.692361,
"occupation_fraction_std":	0.00730727,
"pj_over_1_minus_q_avg":	0.728801,
"pj_over_1_minus_q_std":	0.00769186,
"occupation_fraction_std_history":	[0.00731798,0.00730174,0.00736206,0.00738739,0.00733939,0.00738292,0.00741686,0.00736117,0.00733408,0.0073374,0.00730227,0.00729521,0.00729207,0.00727385,0.00727766,0.00728525,0.00729192,0.00729413,0.00729087,0.00729643,0.00729973,0.00729835,0.00730695,0.00731763,0.00731983,0.00732621,0.00731372,0.0073207,0.00731984,0.00731702,0.00730598,0.00730121,0.00730189,0.00729221,0.00728949,0.00730034,0.00729082,0.00730002,0.00730065,0.00730361,0.00731391,0.00732078,0.00731505,0.00730882,0.00730189,0.00729605,0.00729022,0.0072864,0.0072889,0.00728416,0.0072824,0.00728766,0.00728776,0.00728803,0.00728852,0.00729092,0.00729114,0.00729014,0.00728763,0.00728509,0.00728119,0.00728474,0.00729118,0.00729107,0.00728888,0.00729574,0.00729999,0.00730363,0.00730195,0.00730457,0.0073021,0.00729848,0.00730118,0.00729826,0.00729681,0.00729433,0.00729445,0.00729566,0.00729337,0.00729042,0.00728914,0.00729404,0.00729493,0.0073008,0.00730109,0.00729878,0.00729839,0.00730102,0.00730249,0.00730109,0.00730307,0.00730368,0.00730133,0.00730197,0.00730308,0.00730288,0.00730444,0.00730426,0.00730824,0.00730812,0.00730673,0.00730711,0.00730656,0.00730602,0.00730906,0.00730726,0.00730727,]
}
