{ 
"defperc_count":	11065,
"defperc_avg":	0.100988,
"atmperc_count":	109565,
"atmperc_avg":	0.999973
}
