{
"dep_polymers":	"Squared",
"occupation_fraction_average":	0.464529,
"occupation_fraction_std":	0.00218381,
"pj_over_1_minus_q_avg":	0.663612,
"pj_over_1_minus_q_std":	0.00311973,
"occupation_fraction_std_history":	[0.00213581,0.00217503,0.00218376,0.00218381,]
}
