{
"dep_polymers":	"Linear trimers",
"occupation_fraction_average":	0.26747,
"occupation_fraction_std":	0.00162122,
"pj_over_1_minus_q_avg":	0.668675,
"pj_over_1_minus_q_std":	0.00405305,
"occupation_fraction_std_history":	[0.00166017,0.00155078,0.00174696,0.00170197,0.00171568,0.00170525,0.00168333,0.00166646,0.00166826,0.00165122,0.00164039,0.00164204,0.00163599,0.00162285,0.00161569,0.00160888,0.00161466,0.00162082,0.00162122,]
}
