{
"dep_polymers":	"Linear trimers",
"occupation_fraction_average":	0.59489,
"occupation_fraction_std":	0.00300004,
"pj_over_1_minus_q_avg":	0.743613,
"pj_over_1_minus_q_std":	0.00375005,
"occupation_fraction_std_history":	[0.00297553,0.00294253,0.00300532,0.00303329,0.00302685,0.0029944,0.00303205,0.00302028,0.00300821,0.00299518,0.00300068,0.00299756,0.00300004,]
}
