{
"dep_polymers":	"Dimers",
"occupation_fraction_average":	0.322581,
"occupation_fraction_std":	0.000477044,
"pj_over_1_minus_q_avg":	0.806454,
"pj_over_1_minus_q_std":	0.00119261,
"occupation_fraction_std_history":	[0.000475062,0.000478745,0.000472504,0.000477133,0.000477044,]
}
