{
"dep_polymers":	"Linear trimers",
"occupation_fraction_average":	0.604775,
"occupation_fraction_std":	0.00596924,
"pj_over_1_minus_q_avg":	0.755968,
"pj_over_1_minus_q_std":	0.00746155,
"occupation_fraction_std_history":	[0.00598682,0.00611856,0.00628127,0.00613718,0.00624382,0.00609486,0.00603351,0.00602701,0.00601697,0.0060534,0.00603818,0.00601387,0.00599398,0.00596747,0.00596924,]
}
