{
"dep_polymers":	"Linear trimers",
"occupation_fraction_average":	0.604582,
"occupation_fraction_std":	0.00618685,
"pj_over_1_minus_q_avg":	0.755728,
"pj_over_1_minus_q_std":	0.00773357,
"occupation_fraction_std_history":	[0.00707178,0.00665098,0.0065618,0.00667025,0.00656864,0.00642855,0.006337,0.00624291,0.00619925,0.00621051,0.00621859,0.00626389,0.00623227,0.00620776,0.00618694,0.00616174,0.00618903,0.00618685,]
}
