{
"dep_polymers":	"Linear trimers",
"occupation_fraction_average":	0.128273,
"occupation_fraction_std":	0.00534565,
"pj_over_1_minus_q_avg":	0.641367,
"pj_over_1_minus_q_std":	0.0267283,
"occupation_fraction_std_history":	[0.00399094,0.00579018,0.00526766,0.00543889,0.00517035,0.00509788,0.00497992,0.00489074,0.00508731,0.00506451,0.00502102,0.00493688,0.00486023,0.00513352,0.00510771,0.0050437,0.00497763,0.00492744,0.00508106,0.00505124,0.00500339,0.00494822,0.00495915,0.00512304,0.0051874,0.00526213,0.00520904,0.00517748,0.00532121,0.00535102,0.00530445,0.00534942,0.00534375,0.00534565,]
}
