{
"dep_polymers":	"Dimers",
"occupation_fraction_average":	0.0777447,
"occupation_fraction_std":	0.000715958,
"pj_over_1_minus_q_avg":	0.777447,
"pj_over_1_minus_q_std":	0.00715958,
"occupation_fraction_std_history":	[0.000805382,0.000761824,0.000727313,0.000728282,0.000715706,0.000699387,0.000715606,0.00070484,0.000710444,0.000711458,0.000716584,0.000715403,0.000709663,0.000707547,0.000718467,0.000716667,0.000715958,]
}
